0 0 2.311002e+00 0.091553
0 1 6.057712e+02 0.100586
0 2 2.464110e+01 0.103760
0 3 3.147476e+01 0.089844
0 4 9.786556e+00 0.104980
0 5 2.486717e+00 0.119629
0 6 2.443542e+00 0.124512
0 7 2.407154e+00 0.095947
0 8 2.359809e+00 0.103271
0 9 2.340298e+00 0.094971
0 10 2.319545e+00 0.097412
0 11 2.319861e+00 0.110107
0 12 2.321269e+00 0.095947
0 13 2.313663e+00 0.105713
1 0 2.311293e+00 0.112061
1 1 2.313947e+00 0.103027
1 2 2.313680e+00 0.097412
1 3 2.309997e+00 0.095703
1 4 2.312265e+00 0.108887
1 5 2.312095e+00 0.089600
1 6 2.307358e+00 0.099121
1 7 2.308798e+00 0.101318
1 8 2.314030e+00 0.089355
1 9 2.311154e+00 0.094971
1 10 2.309885e+00 0.099365
1 11 2.309494e+00 0.095459
1 12 2.307788e+00 0.098145
1 13 2.307152e+00 0.101807
2 0 2.304231e+00 0.103760
2 1 2.302501e+00 0.097412
2 2 2.302127e+00 0.120850
2 3 2.302646e+00 0.112061
2 4 2.302249e+00 0.114746
2 5 2.302151e+00 0.109375
2 6 2.301451e+00 0.114502
2 7 2.303450e+00 0.102539
2 8 2.301048e+00 0.114502
2 9 2.304480e+00 0.102539
2 10 2.299914e+00 0.119385
2 11 2.302070e+00 0.113770
2 12 2.301606e+00 0.109863
2 13 2.305743e+00 0.104492
3 0 2.304604e+00 0.112793
3 1 2.303100e+00 0.110352
3 2 2.302087e+00 0.112061
3 3 2.300790e+00 0.118408
3 4 2.302936e+00 0.107666
3 5 2.299754e+00 0.120117
3 6 2.299950e+00 0.115723
3 7 2.301580e+00 0.111572
3 8 2.301016e+00 0.114746
3 9 2.300868e+00 0.111084
3 10 2.300690e+00 0.107178
3 11 2.302357e+00 0.110107
3 12 2.301751e+00 0.108154
3 13 2.301180e+00 0.105469
4 0 2.301812e+00 0.106445
4 1 2.301721e+00 0.114746
4 2 2.301536e+00 0.117432
4 3 2.300952e+00 0.111816
4 4 2.301556e+00 0.112061
4 5 2.302479e+00 0.106934
4 6 2.300486e+00 0.111572
4 7 2.302339e+00 0.109131
4 8 2.302011e+00 0.108643
4 9 2.301758e+00 0.112793
4 10 2.301923e+00 0.110107
4 11 2.300537e+00 0.118652
4 12 2.302018e+00 0.104980
4 13 2.300363e+00 0.120117
5 0 2.301300e+00 0.115234
5 1 2.301295e+00 0.110596
5 2 2.299948e+00 0.121094
5 3 2.300162e+00 0.114258
5 4 2.302338e+00 0.108887
5 5 2.301989e+00 0.111084
5 6 2.302769e+00 0.106445
5 7 2.302156e+00 0.111816
5 8 2.301623e+00 0.107910
5 9 2.301545e+00 0.107666
5 10 2.302285e+00 0.109375
5 11 2.299551e+00 0.119873
5 12 2.303272e+00 0.112305
5 13 2.301927e+00 0.107666
