0 0 2.302651e+00 0.113281
0 1 2.012448e+01 0.168945
0 2 3.764230e+00 0.120117
0 3 2.318596e+00 0.099609
0 4 2.304631e+00 0.123047
0 5 2.305196e+00 0.113281
0 6 2.306221e+00 0.102539
0 7 2.311926e+00 0.098633
0 8 2.299688e+00 0.119141
0 9 2.302720e+00 0.114258
0 10 2.301573e+00 0.120117
0 11 2.301109e+00 0.103516
0 12 2.300661e+00 0.094727
0 13 2.300901e+00 0.114258
0 14 2.300592e+00 0.115234
0 15 2.301631e+00 0.122070
0 16 2.303861e+00 0.117188
0 17 2.304664e+00 0.098633
0 18 2.300195e+00 0.118164
0 19 2.302574e+00 0.106445
0 20 2.304205e+00 0.105469
0 21 2.304852e+00 0.105469
0 22 2.300664e+00 0.116211
0 23 2.301343e+00 0.122070
0 24 2.303644e+00 0.104492
0 25 2.301053e+00 0.111328
0 26 2.299070e+00 0.105469
0 27 2.299935e+00 0.138672
0 28 2.301424e+00 0.118164
0 29 2.303235e+00 0.112305
0 30 2.301390e+00 0.121094
0 31 2.299239e+00 0.117188
0 32 2.298679e+00 0.125977
0 33 2.301914e+00 0.107422
0 34 2.299004e+00 0.125977
0 35 2.302533e+00 0.103516
0 36 2.304128e+00 0.106445
0 37 2.299717e+00 0.111328
0 38 2.299897e+00 0.125977
0 39 2.302240e+00 0.097656
0 40 2.305531e+00 0.098633
0 41 2.304054e+00 0.100586
0 42 2.300848e+00 0.112305
0 43 2.308398e+00 0.095703
0 44 2.302489e+00 0.115234
0 45 2.301682e+00 0.109375
0 46 2.301089e+00 0.104492
0 47 2.299508e+00 0.127930
0 48 2.301730e+00 0.100586
0 49 2.301686e+00 0.116211
0 50 2.300190e+00 0.131836
0 51 2.300070e+00 0.131836
0 52 2.301412e+00 0.126953
0 53 2.302534e+00 0.106445
0 54 2.300120e+00 0.120117
0 55 2.301165e+00 0.118164
0 56 2.301040e+00 0.112305
0 57 2.299967e+00 0.109375
1 0 2.299651e+00 0.111328
1 1 2.302155e+00 0.116211
1 2 2.300206e+00 0.106445
1 3 2.297361e+00 0.130859
1 4 2.299151e+00 0.120117
1 5 2.304969e+00 0.107422
1 6 2.299514e+00 0.118164
1 7 2.300020e+00 0.113281
1 8 2.303066e+00 0.109375
1 9 2.303254e+00 0.099609
1 10 2.302767e+00 0.114258
1 11 2.302179e+00 0.125000
1 12 2.303319e+00 0.104492
1 13 2.299085e+00 0.116211
1 14 2.298176e+00 0.104492
1 15 2.303737e+00 0.106445
1 16 2.298163e+00 0.126953
1 17 2.303099e+00 0.109375
1 18 2.302930e+00 0.103516
1 19 2.303328e+00 0.106445
1 20 2.303246e+00 0.105469
1 21 2.303758e+00 0.111328
1 22 2.300901e+00 0.108398
1 23 2.299044e+00 0.110352
1 24 2.303219e+00 0.105469
1 25 2.302042e+00 0.112305
1 26 2.299075e+00 0.127930
1 27 2.303548e+00 0.110352
1 28 2.302464e+00 0.120117
1 29 2.301412e+00 0.125000
1 30 2.301212e+00 0.122070
1 31 2.302919e+00 0.115234
1 32 2.301184e+00 0.105469
1 33 2.300540e+00 0.117188
1 34 2.303838e+00 0.100586
1 35 2.299951e+00 0.122070
1 36 2.301158e+00 0.125000
1 37 2.296279e+00 0.130859
1 38 2.300327e+00 0.110352
1 39 2.302996e+00 0.107422
1 40 2.300027e+00 0.116211
1 41 2.302114e+00 0.109375
1 42 2.307182e+00 0.101562
1 43 2.296920e+00 0.131836
1 44 2.298958e+00 0.113281
1 45 2.301986e+00 0.097656
1 46 2.305026e+00 0.115234
1 47 2.305814e+00 0.103516
1 48 2.301976e+00 0.127930
1 49 2.302327e+00 0.108398
1 50 2.296838e+00 0.125977
1 51 2.301493e+00 0.120117
1 52 2.303169e+00 0.100586
1 53 2.300027e+00 0.116211
1 54 2.300735e+00 0.123047
1 55 2.303053e+00 0.112305
1 56 2.299997e+00 0.113281
1 57 2.301676e+00 0.117188
2 0 2.302253e+00 0.105469
2 1 2.301073e+00 0.114258
2 2 2.298778e+00 0.126953
2 3 2.298464e+00 0.125000
2 4 2.303550e+00 0.116211
2 5 2.303335e+00 0.103516
2 6 2.295175e+00 0.128906
2 7 2.301289e+00 0.113281
2 8 2.298897e+00 0.114258
2 9 2.304612e+00 0.112305
2 10 2.300500e+00 0.121094
2 11 2.305657e+00 0.108398
2 12 2.300933e+00 0.110352
2 13 2.307082e+00 0.100586
2 14 2.300219e+00 0.121094
2 15 2.300011e+00 0.109375
2 16 2.300270e+00 0.118164
2 17 2.301145e+00 0.115234
2 18 2.303989e+00 0.118164
2 19 2.300539e+00 0.113281
2 20 2.301444e+00 0.121094
2 21 2.300931e+00 0.111328
2 22 2.304459e+00 0.098633
2 23 2.303525e+00 0.112305
2 24 2.304146e+00 0.096680
2 25 2.303348e+00 0.106445
2 26 2.302015e+00 0.109375
2 27 2.303177e+00 0.101562
2 28 2.300657e+00 0.105469
2 29 2.302788e+00 0.113281
2 30 2.300259e+00 0.126953
2 31 2.300595e+00 0.127930
2 32 2.300393e+00 0.114258
2 33 2.300062e+00 0.126953
2 34 2.296238e+00 0.124023
2 35 2.298839e+00 0.125000
2 36 2.301902e+00 0.107422
2 37 2.300802e+00 0.106445
2 38 2.303470e+00 0.111328
2 39 2.297997e+00 0.123047
2 40 2.306381e+00 0.092773
2 41 2.299268e+00 0.106445
2 42 2.302520e+00 0.107422
2 43 2.305255e+00 0.093750
2 44 2.301762e+00 0.110352
2 45 2.303309e+00 0.114258
2 46 2.299350e+00 0.117188
2 47 2.300823e+00 0.118164
2 48 2.299422e+00 0.129883
2 49 2.298729e+00 0.125977
2 50 2.304210e+00 0.101562
2 51 2.304154e+00 0.111328
2 52 2.301182e+00 0.119141
2 53 2.300376e+00 0.109375
2 54 2.301505e+00 0.108398
2 55 2.305803e+00 0.108398
2 56 2.301811e+00 0.111328
2 57 2.298583e+00 0.121094
3 0 2.302013e+00 0.105469
3 1 2.299628e+00 0.112305
3 2 2.299533e+00 0.120117
3 3 2.299918e+00 0.122070
3 4 2.304148e+00 0.094727
3 5 2.300406e+00 0.124023
3 6 2.303149e+00 0.104492
3 7 2.300904e+00 0.117188
3 8 2.300837e+00 0.128906
3 9 2.303876e+00 0.103516
3 10 2.301618e+00 0.120117
3 11 2.303901e+00 0.114258
3 12 2.305561e+00 0.092773
3 13 2.301439e+00 0.116211
3 14 2.303408e+00 0.104492
3 15 2.302402e+00 0.113281
3 16 2.301619e+00 0.113281
3 17 2.301782e+00 0.114258
3 18 2.303244e+00 0.105469
3 19 2.303223e+00 0.113281
3 20 2.300843e+00 0.115234
3 21 2.305123e+00 0.091797
3 22 2.301661e+00 0.115234
3 23 2.299357e+00 0.125000
3 24 2.301927e+00 0.111328
3 25 2.300136e+00 0.113281
3 26 2.302872e+00 0.106445
3 27 2.302722e+00 0.098633
3 28 2.301822e+00 0.099609
3 29 2.302469e+00 0.107422
3 30 2.298057e+00 0.118164
3 31 2.308864e+00 0.081055
3 32 2.301886e+00 0.113281
3 33 2.300811e+00 0.106445
3 34 2.301909e+00 0.108398
3 35 2.300445e+00 0.110352
3 36 2.303173e+00 0.100586
3 37 2.304923e+00 0.103516
3 38 2.304731e+00 0.097656
3 39 2.300579e+00 0.105469
3 40 2.303062e+00 0.120117
3 41 2.301702e+00 0.104492
3 42 2.302064e+00 0.116211
3 43 2.301785e+00 0.122070
3 44 2.302980e+00 0.092773
3 45 2.301895e+00 0.112305
3 46 2.299168e+00 0.127930
3 47 2.301472e+00 0.122070
3 48 2.302406e+00 0.106445
3 49 2.301329e+00 0.111328
3 50 2.301678e+00 0.113281
3 51 2.301601e+00 0.112305
3 52 2.299052e+00 0.124023
3 53 2.298813e+00 0.129883
3 54 2.303223e+00 0.110352
3 55 2.301872e+00 0.111328
3 56 2.301924e+00 0.110352
3 57 2.299355e+00 0.121094
4 0 2.302781e+00 0.108398
4 1 2.303448e+00 0.119141
4 2 2.300117e+00 0.113281
4 3 2.301132e+00 0.117188
4 4 2.299268e+00 0.111328
4 5 2.302855e+00 0.102539
4 6 2.300548e+00 0.117188
4 7 2.303412e+00 0.104492
4 8 2.302915e+00 0.093750
4 9 2.302403e+00 0.110352
4 10 2.299029e+00 0.124023
4 11 2.299510e+00 0.111328
4 12 2.301589e+00 0.094727
4 13 2.305068e+00 0.085938
4 14 2.299373e+00 0.124023
4 15 2.301916e+00 0.090820
4 16 2.302982e+00 0.104492
4 17 2.300224e+00 0.118164
4 18 2.302355e+00 0.106445
4 19 2.302570e+00 0.114258
4 20 2.303947e+00 0.098633
4 21 2.303643e+00 0.111328
4 22 2.299159e+00 0.114258
4 23 2.303403e+00 0.094727
4 24 2.301776e+00 0.113281
4 25 2.299784e+00 0.126953
4 26 2.302019e+00 0.115234
4 27 2.301886e+00 0.109375
4 28 2.302506e+00 0.095703
4 29 2.301479e+00 0.111328
4 30 2.301074e+00 0.102539
4 31 2.304352e+00 0.111328
4 32 2.301198e+00 0.110352
4 33 2.302225e+00 0.111328
4 34 2.299990e+00 0.107422
4 35 2.302457e+00 0.120117
4 36 2.302465e+00 0.102539
4 37 2.302505e+00 0.112305
4 38 2.300754e+00 0.107422
4 39 2.303277e+00 0.113281
4 40 2.301470e+00 0.117188
4 41 2.301614e+00 0.106445
4 42 2.301100e+00 0.110352
4 43 2.304566e+00 0.094727
4 44 2.300352e+00 0.107422
4 45 2.299463e+00 0.127930
4 46 2.302771e+00 0.127930
4 47 2.299797e+00 0.130859
4 48 2.299899e+00 0.123047
4 49 2.301406e+00 0.101562
4 50 2.300211e+00 0.109375
4 51 2.302532e+00 0.116211
4 52 2.302150e+00 0.119141
4 53 2.298352e+00 0.115234
4 54 2.304165e+00 0.108398
4 55 2.305153e+00 0.101562
4 56 2.298211e+00 0.124023
4 57 2.300681e+00 0.110352
5 0 2.303868e+00 0.115234
5 1 2.299826e+00 0.109375
5 2 2.300970e+00 0.108398
5 3 2.305929e+00 0.092773
5 4 2.298642e+00 0.133789
5 5 2.300849e+00 0.122070
5 6 2.302917e+00 0.110352
5 7 2.301933e+00 0.111328
5 8 2.300753e+00 0.115234
5 9 2.301583e+00 0.105469
5 10 2.301729e+00 0.120117
5 11 2.304812e+00 0.094727
5 12 2.300703e+00 0.113281
5 13 2.301398e+00 0.111328
5 14 2.301209e+00 0.106445
5 15 2.302757e+00 0.112305
5 16 2.298738e+00 0.114258
5 17 2.301626e+00 0.112305
5 18 2.303843e+00 0.103516
5 19 2.303936e+00 0.097656
5 20 2.297279e+00 0.118164
5 21 2.301174e+00 0.120117
5 22 2.301923e+00 0.116211
5 23 2.303974e+00 0.121094
5 24 2.299184e+00 0.124023
5 25 2.297736e+00 0.129883
5 26 2.302851e+00 0.106445
5 27 2.301843e+00 0.103516
5 28 2.305893e+00 0.100586
5 29 2.303165e+00 0.105469
5 30 2.302138e+00 0.108398
5 31 2.304330e+00 0.095703
5 32 2.303098e+00 0.096680
5 33 2.305971e+00 0.111328
5 34 2.306091e+00 0.109375
5 35 2.301691e+00 0.120117
5 36 2.300931e+00 0.098633
5 37 2.306890e+00 0.097656
5 38 2.300780e+00 0.101562
5 39 2.303942e+00 0.091797
5 40 2.303759e+00 0.098633
5 41 2.304228e+00 0.108398
5 42 2.299160e+00 0.123047
5 43 2.299043e+00 0.100586
5 44 2.303754e+00 0.111328
5 45 2.310241e+00 0.100586
5 46 2.304907e+00 0.114258
5 47 2.300030e+00 0.125977
5 48 2.302107e+00 0.120117
5 49 2.301578e+00 0.109375
5 50 2.300044e+00 0.115234
5 51 2.299464e+00 0.115234
5 52 2.304361e+00 0.094727
5 53 2.300343e+00 0.120117
5 54 2.306098e+00 0.090820
5 55 2.301733e+00 0.113281
5 56 2.303275e+00 0.118164
5 57 2.299551e+00 0.119141
