0 0 2.322300e+00 0.101562
0 1 2.564224e+00 0.203125
0 2 1.996542e+00 0.394531
0 3 1.937325e+00 0.445312
0 4 1.639063e+00 0.496094
0 5 1.456617e+00 0.515625
0 6 1.090768e+00 0.644531
0 7 9.077352e-01 0.703125
0 8 8.979397e-01 0.707031
0 9 7.249941e-01 0.769531
0 10 5.392678e-01 0.839844
0 11 4.999022e-01 0.839844
0 12 5.785584e-01 0.816406
0 13 4.599554e-01 0.875000
0 14 4.651574e-01 0.839844
0 15 4.428499e-01 0.886719
0 16 4.144037e-01 0.882812
0 17 3.330415e-01 0.917969
0 18 3.721831e-01 0.882812
0 19 3.159155e-01 0.929688
0 20 4.641679e-01 0.875000
0 21 3.266518e-01 0.945312
0 22 2.569689e-01 0.914062
0 23 3.623072e-01 0.886719
0 24 2.888211e-01 0.890625
0 25 2.281625e-01 0.925781
0 26 3.863844e-01 0.906250
0 27 2.996044e-01 0.914062
0 28 4.301459e-01 0.878906
0 29 3.022608e-01 0.898438
0 30 3.014683e-01 0.910156
0 31 3.013482e-01 0.937500
0 32 2.513126e-01 0.929688
0 33 3.116364e-01 0.906250
0 34 2.594469e-01 0.914062
0 35 3.387116e-01 0.917969
0 36 2.834244e-01 0.906250
0 37 2.700501e-01 0.910156
0 38 2.099006e-01 0.937500
0 39 1.599852e-01 0.964844
0 40 1.873570e-01 0.953125
0 41 3.234484e-01 0.910156
0 42 1.645849e-01 0.964844
0 43 2.077002e-01 0.949219
0 44 2.071958e-01 0.925781
0 45 2.198844e-01 0.914062
0 46 2.039226e-01 0.953125
0 47 3.071787e-01 0.917969
0 48 1.678693e-01 0.925781
0 49 1.478155e-01 0.941406
0 50 2.853648e-01 0.910156
0 51 2.086559e-01 0.953125
0 52 1.628096e-01 0.960938
0 53 2.430878e-01 0.941406
0 54 2.475808e-01 0.945312
0 55 1.898840e-01 0.929688
0 56 1.773150e-01 0.941406
0 57 2.814373e-01 0.917969
0 58 1.791444e-01 0.949219
0 59 1.803115e-01 0.929688
0 60 1.645132e-01 0.949219
0 61 2.856805e-01 0.906250
0 62 1.573504e-01 0.964844
0 63 1.501990e-01 0.945312
0 64 9.895841e-02 0.960938
0 65 1.222427e-01 0.968750
0 66 2.226344e-01 0.949219
0 67 1.649405e-01 0.945312
0 68 1.471486e-01 0.964844
0 69 1.867745e-01 0.937500
0 70 2.154483e-01 0.933594
0 71 1.500199e-01 0.945312
0 72 2.996083e-01 0.906250
0 73 1.261953e-01 0.964844
0 74 1.356182e-01 0.964844
0 75 1.491866e-01 0.957031
0 76 1.537999e-01 0.933594
0 77 1.347783e-01 0.972656
0 78 2.255380e-01 0.914062
0 79 1.509126e-01 0.949219
0 80 2.346966e-01 0.945312
0 81 1.037232e-01 0.976562
0 82 1.739127e-01 0.941406
0 83 1.417004e-01 0.960938
0 84 1.800666e-01 0.933594
0 85 1.570166e-01 0.953125
0 86 1.437897e-01 0.953125
0 87 1.887025e-01 0.925781
0 88 1.233842e-01 0.968750
0 89 1.480553e-01 0.945312
0 90 1.739220e-01 0.949219
0 91 8.880524e-02 0.972656
0 92 1.993898e-01 0.945312
0 93 1.710844e-01 0.941406
0 94 1.405445e-01 0.960938
0 95 1.711725e-01 0.949219
0 96 2.368374e-01 0.929688
0 97 1.129879e-01 0.964844
0 98 1.623908e-01 0.949219
0 99 1.530833e-01 0.933594
0 100 2.942486e-01 0.933594
0 101 1.153327e-01 0.960938
0 102 1.561075e-01 0.960938
0 103 2.048780e-01 0.937500
0 104 2.142734e-01 0.941406
0 105 1.033640e-01 0.957031
0 106 1.236962e-01 0.960938
0 107 1.346991e-01 0.957031
0 108 1.517462e-01 0.945312
0 109 1.359841e-01 0.953125
0 110 1.101876e-01 0.960938
0 111 8.462118e-02 0.964844
0 112 1.401536e-01 0.949219
0 113 7.885059e-02 0.960938
0 114 1.297925e-01 0.972656
0 115 1.087977e-01 0.957031
0 116 1.410724e-01 0.964844
0 117 1.586034e-01 0.960938
0 118 1.177447e-01 0.972656
0 119 1.402499e-01 0.953125
0 120 1.664779e-01 0.968750
0 121 8.773319e-02 0.968750
0 122 1.330269e-01 0.949219
0 123 9.268174e-02 0.972656
0 124 1.016813e-01 0.968750
0 125 1.675371e-01 0.941406
0 126 1.335926e-01 0.949219
0 127 2.155945e-01 0.937500
0 128 9.529016e-02 0.976562
0 129 6.935849e-02 0.976562
0 130 2.127337e-01 0.933594
0 131 1.670042e-01 0.945312
0 132 1.928500e-01 0.957031
0 133 1.161389e-01 0.957031
0 134 1.131903e-01 0.972656
0 135 7.642563e-02 0.980469
0 136 1.892318e-01 0.929688
0 137 1.221880e-01 0.957031
0 138 1.620721e-01 0.953125
0 139 1.181556e-01 0.960938
0 140 1.662498e-01 0.953125
0 141 1.634673e-01 0.953125
0 142 1.637712e-01 0.945312
0 143 1.074269e-01 0.957031
0 144 2.131228e-01 0.941406
0 145 3.449657e-01 0.921875
0 146 1.566086e-01 0.964844
0 147 1.840466e-01 0.933594
0 148 1.327773e-01 0.957031
0 149 1.786653e-01 0.945312
0 150 1.199561e-01 0.968750
0 151 1.221861e-01 0.968750
0 152 1.752183e-01 0.945312
0 153 1.420174e-01 0.964844
0 154 1.210801e-01 0.957031
0 155 7.151090e-02 0.980469
0 156 1.806416e-01 0.941406
0 157 8.421489e-02 0.968750
0 158 8.608502e-02 0.976562
0 159 8.136050e-02 0.972656
0 160 1.469059e-01 0.957031
0 161 1.085493e-01 0.972656
0 162 1.561254e-01 0.972656
0 163 1.942279e-01 0.957031
0 164 1.517657e-01 0.964844
0 165 1.227834e-01 0.949219
0 166 1.209143e-01 0.960938
0 167 1.720175e-01 0.941406
0 168 1.077320e-01 0.960938
0 169 1.258740e-01 0.957031
0 170 1.325909e-01 0.953125
0 171 1.802125e-01 0.945312
0 172 1.358458e-01 0.953125
0 173 8.419055e-02 0.972656
0 174 1.593890e-01 0.949219
0 175 1.187043e-01 0.968750
0 176 9.360759e-02 0.964844
0 177 1.227916e-01 0.953125
0 178 7.582886e-02 0.980469
0 179 1.460004e-01 0.960938
0 180 2.095580e-01 0.941406
0 181 1.263842e-01 0.960938
0 182 9.907325e-02 0.964844
0 183 4.913976e-02 0.992188
0 184 1.067436e-01 0.960938
0 185 1.789655e-01 0.941406
0 186 1.664232e-01 0.941406
0 187 1.007597e-01 0.960938
0 188 1.286558e-01 0.945312
0 189 2.174915e-01 0.949219
0 190 1.131442e-01 0.957031
0 191 1.386858e-01 0.953125
0 192 9.470224e-02 0.972656
0 193 6.936669e-02 0.984375
0 194 9.549542e-02 0.964844
0 195 1.291842e-01 0.949219
0 196 1.546427e-01 0.957031
0 197 7.474485e-02 0.972656
0 198 1.249551e-01 0.960938
0 199 1.082529e-01 0.972656
0 200 6.022816e-02 0.968750
0 201 1.544575e-01 0.968750
0 202 1.898509e-01 0.953125
0 203 2.281120e-01 0.941406
0 204 6.284710e-02 0.980469
0 205 8.667208e-02 0.972656
0 206 8.556001e-02 0.980469
0 207 1.193525e-01 0.972656
0 208 6.524254e-02 0.980469
0 209 2.041966e-01 0.945312
0 210 6.592365e-02 0.984375
0 211 1.564654e-01 0.949219
0 212 7.972873e-02 0.968750
0 213 1.319201e-01 0.957031
0 214 1.254790e-01 0.960938
0 215 3.866801e-02 0.988281
0 216 1.196100e-01 0.976562
0 217 7.600653e-02 0.976562
0 218 1.760231e-01 0.941406
0 219 1.353560e-01 0.972656
0 220 1.350747e-01 0.957031
0 221 9.163625e-02 0.972656
0 222 1.861216e-01 0.949219
0 223 9.094989e-02 0.984375
0 224 1.628292e-01 0.949219
0 225 1.037397e-01 0.964844
0 226 7.567901e-02 0.980469
0 227 8.750360e-02 0.976562
0 228 9.663029e-02 0.968750
0 229 9.495370e-02 0.960938
0 230 1.141087e-01 0.960938
0 231 8.150953e-02 0.964844
0 232 8.909352e-02 0.976562
0 233 1.408375e-01 0.976562
1 0 6.111461e-02 0.980469
1 1 6.041671e-02 0.980469
1 2 1.074999e-01 0.968750
1 3 5.516986e-02 0.988281
1 4 1.365834e-01 0.968750
1 5 7.187631e-02 0.968750
1 6 5.576044e-02 0.980469
1 7 6.376591e-02 0.972656
1 8 1.006337e-01 0.957031
1 9 1.258081e-01 0.957031
1 10 6.903226e-02 0.988281
1 11 8.980729e-02 0.968750
1 12 7.964604e-02 0.964844
1 13 6.744334e-02 0.972656
1 14 1.476161e-01 0.968750
1 15 8.474340e-02 0.976562
1 16 7.652014e-02 0.988281
1 17 1.687405e-01 0.957031
1 18 1.476298e-01 0.953125
1 19 7.030840e-02 0.976562
1 20 9.641477e-02 0.957031
1 21 4.956961e-02 0.980469
1 22 7.465665e-02 0.976562
1 23 5.512614e-02 0.976562
1 24 8.175097e-02 0.976562
1 25 1.577136e-01 0.964844
1 26 9.090960e-02 0.957031
1 27 9.242521e-02 0.968750
1 28 1.071298e-01 0.960938
1 29 9.738589e-02 0.968750
1 30 1.318780e-01 0.960938
1 31 1.435359e-01 0.968750
1 32 1.210728e-01 0.964844
1 33 2.113690e-01 0.957031
1 34 2.092319e-01 0.957031
1 35 6.551591e-02 0.988281
1 36 1.327354e-01 0.960938
1 37 1.109882e-01 0.968750
1 38 5.166743e-02 0.988281
1 39 1.489408e-01 0.957031
1 40 9.884833e-02 0.968750
1 41 6.506652e-02 0.972656
1 42 1.414835e-01 0.972656
1 43 9.124729e-02 0.968750
1 44 1.478258e-01 0.964844
1 45 7.968165e-02 0.968750
1 46 1.016161e-01 0.976562
1 47 4.910640e-02 0.984375
1 48 1.178673e-01 0.957031
1 49 9.201001e-02 0.968750
1 50 4.587965e-02 0.992188
1 51 1.645809e-01 0.964844
1 52 9.004541e-02 0.980469
1 53 1.093536e-01 0.964844
1 54 1.547736e-01 0.964844
1 55 1.464845e-01 0.949219
1 56 9.008609e-02 0.964844
1 57 9.534645e-02 0.960938
1 58 1.255956e-01 0.964844
1 59 3.715401e-02 0.988281
1 60 8.570644e-02 0.972656
1 61 7.486172e-02 0.984375
1 62 6.880634e-02 0.980469
1 63 5.516896e-02 0.984375
1 64 8.015070e-02 0.980469
1 65 1.058443e-01 0.972656
1 66 7.391326e-02 0.984375
1 67 1.557120e-01 0.949219
1 68 6.783822e-02 0.972656
1 69 1.149476e-01 0.953125
1 70 1.600271e-01 0.964844
1 71 9.931712e-02 0.964844
1 72 7.601291e-02 0.968750
1 73 1.832344e-01 0.960938
1 74 7.981034e-02 0.968750
1 75 1.817985e-01 0.953125
1 76 1.492958e-01 0.953125
1 77 5.451828e-02 0.980469
1 78 1.041546e-01 0.968750
1 79 8.578031e-02 0.972656
1 80 1.563506e-01 0.945312
1 81 1.737253e-01 0.945312
1 82 7.486212e-02 0.980469
1 83 1.516965e-01 0.972656
1 84 5.388001e-02 0.976562
1 85 1.188065e-01 0.953125
1 86 9.539603e-02 0.968750
1 87 1.194115e-01 0.968750
1 88 8.713280e-02 0.972656
1 89 1.457441e-01 0.949219
1 90 1.224100e-01 0.964844
1 91 7.963294e-02 0.976562
1 92 1.220808e-01 0.960938
1 93 7.585914e-02 0.976562
1 94 7.900868e-02 0.976562
1 95 1.588784e-01 0.968750
1 96 8.591351e-02 0.968750
1 97 9.815785e-02 0.964844
1 98 9.297986e-02 0.968750
1 99 1.414405e-01 0.960938
1 100 1.172962e-01 0.960938
1 101 1.183468e-01 0.976562
1 102 6.762539e-02 0.984375
1 103 9.902883e-02 0.960938
1 104 4.051644e-02 0.992188
1 105 1.085138e-01 0.957031
1 106 1.084631e-01 0.976562
1 107 1.242083e-01 0.960938
1 108 1.051498e-01 0.964844
1 109 1.571112e-01 0.957031
1 110 1.508728e-01 0.957031
1 111 1.028766e-01 0.972656
1 112 5.078726e-02 0.980469
1 113 1.519788e-01 0.945312
1 114 1.038886e-01 0.957031
1 115 9.335730e-02 0.968750
1 116 4.921889e-02 0.988281
1 117 1.152437e-01 0.957031
1 118 1.132072e-01 0.968750
1 119 8.036709e-02 0.988281
1 120 1.347248e-01 0.964844
1 121 6.197310e-02 0.984375
1 122 7.819682e-02 0.972656
1 123 1.416222e-01 0.968750
1 124 7.183810e-02 0.976562
1 125 9.586558e-02 0.988281
1 126 1.803750e-01 0.964844
1 127 1.805689e-01 0.945312
1 128 5.906377e-02 0.976562
1 129 1.332874e-01 0.957031
1 130 1.714803e-01 0.953125
1 131 9.050842e-02 0.972656
1 132 1.075703e-01 0.960938
1 133 7.581050e-02 0.988281
1 134 1.123253e-01 0.976562
1 135 8.122499e-02 0.980469
1 136 6.763437e-02 0.964844
1 137 6.355523e-02 0.980469
1 138 8.673728e-02 0.968750
1 139 1.163801e-01 0.976562
1 140 9.652041e-02 0.972656
1 141 1.562741e-01 0.957031
1 142 5.016430e-02 0.984375
1 143 1.129502e-01 0.968750
1 144 6.668322e-02 0.984375
1 145 1.124539e-01 0.972656
1 146 8.363394e-02 0.976562
1 147 1.375329e-01 0.964844
1 148 1.168361e-01 0.960938
1 149 1.031204e-01 0.972656
1 150 1.254838e-01 0.964844
1 151 2.128839e-01 0.957031
1 152 1.146536e-01 0.964844
1 153 1.246870e-01 0.960938
1 154 1.408004e-01 0.957031
1 155 8.903251e-02 0.972656
1 156 1.229468e-01 0.964844
1 157 9.568867e-02 0.972656
1 158 7.376081e-02 0.968750
1 159 1.911292e-01 0.937500
1 160 1.128354e-01 0.976562
1 161 1.135087e-01 0.964844
1 162 1.253946e-01 0.976562
1 163 5.008171e-02 0.984375
1 164 8.850317e-02 0.968750
1 165 1.314479e-01 0.968750
1 166 8.766124e-02 0.972656
1 167 7.365535e-02 0.976562
1 168 1.211158e-01 0.957031
1 169 1.915621e-01 0.945312
1 170 7.280463e-02 0.972656
1 171 1.399636e-01 0.964844
1 172 9.864528e-02 0.972656
1 173 7.747680e-02 0.976562
1 174 1.191345e-01 0.960938
1 175 7.125429e-02 0.964844
1 176 9.200498e-02 0.984375
1 177 6.573389e-02 0.988281
1 178 5.919736e-02 0.984375
1 179 9.783183e-02 0.968750
1 180 3.773628e-02 0.984375
1 181 7.042702e-02 0.976562
1 182 7.054438e-02 0.980469
1 183 1.078391e-01 0.960938
1 184 8.442679e-02 0.976562
1 185 8.449398e-02 0.960938
1 186 8.305889e-02 0.980469
1 187 1.218137e-01 0.964844
1 188 5.734649e-02 0.984375
1 189 4.800465e-02 0.988281
1 190 1.262920e-01 0.976562
1 191 1.041163e-01 0.980469
1 192 1.205455e-01 0.953125
1 193 8.676520e-02 0.964844
1 194 1.104860e-01 0.972656
1 195 4.138559e-02 0.992188
1 196 8.170502e-02 0.976562
1 197 7.298797e-02 0.972656
1 198 1.383184e-01 0.957031
1 199 5.031464e-02 0.980469
1 200 3.117005e-02 0.992188
1 201 1.823969e-01 0.957031
1 202 8.091842e-02 0.980469
1 203 5.412192e-02 0.976562
1 204 5.732816e-02 0.980469
1 205 6.955625e-02 0.972656
1 206 1.325884e-01 0.960938
1 207 9.297375e-02 0.972656
1 208 7.214888e-02 0.964844
1 209 7.093324e-02 0.984375
1 210 1.034001e-01 0.972656
1 211 1.316963e-01 0.972656
1 212 1.170338e-01 0.972656
1 213 7.515019e-02 0.972656
1 214 1.018174e-01 0.964844
1 215 5.700165e-02 0.980469
1 216 7.688817e-02 0.980469
1 217 3.946214e-02 0.984375
1 218 1.172798e-01 0.964844
1 219 9.064419e-02 0.972656
1 220 7.671567e-02 0.972656
1 221 8.069379e-02 0.972656
1 222 6.050285e-02 0.984375
1 223 8.032814e-02 0.980469
1 224 6.945661e-02 0.976562
1 225 1.155298e-01 0.953125
1 226 8.482365e-02 0.972656
1 227 8.408051e-02 0.960938
1 228 5.208384e-02 0.976562
1 229 1.104345e-01 0.968750
1 230 8.275956e-02 0.976562
1 231 2.184426e-01 0.953125
1 232 5.650476e-02 0.976562
1 233 1.193110e-01 0.960938
2 0 7.574077e-02 0.972656
2 1 6.310777e-02 0.976562
2 2 7.027181e-02 0.972656
2 3 6.164220e-02 0.980469
2 4 4.305950e-02 0.984375
2 5 6.656106e-02 0.980469
2 6 7.689536e-02 0.972656
2 7 1.052458e-01 0.976562
2 8 1.407622e-01 0.945312
2 9 9.731945e-02 0.968750
2 10 1.131712e-01 0.960938
2 11 6.448183e-02 0.984375
2 12 6.721660e-02 0.976562
2 13 4.550945e-02 0.984375
2 14 9.766391e-02 0.964844
2 15 3.860009e-02 0.988281
2 16 1.124526e-01 0.968750
2 17 5.691519e-02 0.984375
2 18 9.095114e-02 0.976562
2 19 3.385785e-02 0.984375
2 20 6.161213e-02 0.980469
2 21 6.116363e-02 0.976562
2 22 9.069426e-02 0.984375
2 23 6.199943e-02 0.984375
2 24 6.160785e-02 0.980469
2 25 9.291853e-02 0.976562
2 26 5.824552e-02 0.976562
2 27 1.253705e-01 0.964844
2 28 2.300044e-01 0.964844
2 29 6.358784e-02 0.972656
2 30 1.336527e-01 0.957031
2 31 7.859664e-02 0.976562
2 32 1.360001e-01 0.960938
2 33 1.601640e-01 0.968750
2 34 5.650119e-02 0.968750
2 35 5.893251e-02 0.980469
2 36 9.278099e-02 0.968750
2 37 3.290379e-02 0.992188
2 38 6.251301e-02 0.980469
2 39 6.753673e-02 0.980469
2 40 7.647403e-02 0.972656
2 41 9.868024e-02 0.964844
2 42 8.479112e-02 0.976562
2 43 9.413981e-02 0.964844
2 44 1.736856e-01 0.957031
2 45 6.586773e-02 0.980469
2 46 5.031994e-02 0.984375
2 47 8.568250e-02 0.976562
2 48 8.100336e-02 0.968750
2 49 9.459059e-02 0.972656
2 50 2.485330e-02 0.996094
2 51 5.486386e-02 0.984375
2 52 9.132843e-02 0.976562
2 53 9.689246e-02 0.972656
2 54 7.891262e-02 0.976562
2 55 9.288950e-02 0.976562
2 56 3.846529e-02 0.980469
2 57 7.421477e-02 0.988281
2 58 7.321735e-02 0.976562
2 59 9.668037e-02 0.968750
2 60 7.610645e-02 0.980469
2 61 1.148719e-01 0.984375
2 62 3.635177e-02 0.984375
2 63 5.499618e-02 0.968750
2 64 7.488684e-02 0.972656
2 65 6.675793e-02 0.984375
2 66 5.727741e-02 0.980469
2 67 6.656307e-02 0.972656
2 68 1.317283e-01 0.980469
2 69 6.077831e-02 0.988281
2 70 8.622016e-02 0.976562
2 71 1.536981e-01 0.972656
2 72 1.128865e-01 0.953125
2 73 9.539981e-02 0.960938
2 74 6.488338e-02 0.980469
2 75 8.523710e-02 0.984375
2 76 9.040528e-02 0.984375
2 77 8.495861e-02 0.960938
2 78 6.715570e-02 0.988281
2 79 7.664686e-02 0.976562
2 80 7.418259e-02 0.968750
2 81 5.207780e-02 0.984375
2 82 6.700711e-02 0.980469
2 83 8.486826e-02 0.968750
2 84 7.630341e-02 0.972656
2 85 1.068223e-01 0.960938
2 86 3.455543e-02 0.988281
2 87 1.550784e-02 0.996094
2 88 7.247742e-02 0.980469
2 89 2.259649e-01 0.949219
2 90 1.202056e-01 0.972656
2 91 1.081141e-01 0.972656
2 92 9.299535e-02 0.980469
2 93 7.181740e-02 0.968750
2 94 1.082941e-01 0.964844
2 95 5.405807e-02 0.988281
2 96 9.531039e-02 0.976562
2 97 8.465168e-02 0.980469
2 98 5.005697e-02 0.988281
2 99 7.729203e-02 0.968750
2 100 5.200980e-02 0.984375
2 101 1.412674e-01 0.960938
2 102 5.683077e-02 0.984375
2 103 3.281596e-02 0.988281
2 104 4.184972e-02 0.984375
2 105 8.553306e-02 0.984375
2 106 9.974949e-02 0.976562
2 107 7.221974e-02 0.972656
2 108 1.373977e-01 0.964844
2 109 7.955008e-02 0.960938
2 110 1.462529e-01 0.953125
2 111 6.282708e-02 0.976562
2 112 1.154185e-01 0.976562
2 113 1.216826e-01 0.972656
2 114 9.346208e-02 0.968750
2 115 1.031918e-01 0.976562
2 116 8.141972e-02 0.976562
2 117 7.119509e-02 0.972656
2 118 9.322628e-02 0.972656
2 119 1.313325e-01 0.968750
2 120 9.683438e-02 0.960938
2 121 9.402674e-02 0.980469
2 122 7.093581e-02 0.980469
2 123 1.351735e-01 0.964844
2 124 1.037358e-01 0.964844
2 125 1.492297e-01 0.960938
2 126 1.421439e-01 0.957031
2 127 5.561392e-02 0.984375
2 128 1.231523e-01 0.968750
2 129 5.175137e-02 0.992188
2 130 8.189324e-02 0.980469
2 131 1.074143e-01 0.953125
2 132 1.322564e-01 0.972656
2 133 6.276450e-02 0.980469
2 134 5.283932e-02 0.984375
2 135 1.231359e-01 0.968750
2 136 9.792317e-02 0.964844
2 137 3.515143e-02 0.984375
2 138 5.339377e-02 0.976562
2 139 8.209126e-02 0.976562
2 140 7.549264e-02 0.968750
2 141 4.310753e-02 0.992188
2 142 5.192174e-02 0.976562
2 143 6.782679e-02 0.968750
2 144 9.061497e-02 0.968750
2 145 5.931060e-02 0.980469
2 146 6.452285e-02 0.980469
2 147 1.159543e-01 0.957031
2 148 7.721901e-02 0.968750
2 149 8.092228e-02 0.980469
2 150 1.042889e-01 0.964844
2 151 7.353369e-02 0.968750
2 152 8.741575e-02 0.976562
2 153 7.710311e-02 0.976562
2 154 7.775508e-02 0.984375
2 155 1.525387e-01 0.964844
2 156 5.242677e-02 0.980469
2 157 7.904583e-02 0.972656
2 158 1.112721e-01 0.964844
2 159 9.656809e-02 0.968750
2 160 9.517848e-02 0.976562
2 161 8.047441e-02 0.964844
2 162 1.008985e-01 0.980469
2 163 1.344393e-01 0.964844
2 164 8.330730e-02 0.964844
2 165 1.048530e-01 0.964844
2 166 7.740398e-02 0.964844
2 167 1.149611e-01 0.953125
2 168 7.808389e-02 0.980469
2 169 8.271357e-02 0.972656
2 170 5.835892e-02 0.976562
2 171 1.307801e-01 0.972656
2 172 7.121879e-02 0.968750
2 173 6.602839e-02 0.980469
2 174 7.446112e-02 0.976562
2 175 1.116961e-01 0.964844
2 176 6.911057e-02 0.964844
2 177 8.007167e-02 0.972656
2 178 7.976837e-02 0.968750
2 179 5.377948e-02 0.984375
2 180 1.468958e-01 0.968750
2 181 1.200484e-01 0.976562
2 182 1.226845e-01 0.960938
2 183 3.093720e-02 0.988281
2 184 5.260473e-02 0.984375
2 185 4.472271e-02 0.984375
2 186 3.787785e-02 0.988281
2 187 3.689514e-02 0.988281
2 188 3.804630e-02 0.980469
2 189 1.203263e-01 0.972656
2 190 5.567687e-02 0.984375
2 191 7.605320e-02 0.968750
2 192 1.059188e-01 0.976562
2 193 1.048679e-01 0.972656
2 194 4.415805e-02 0.984375
2 195 5.596102e-02 0.976562
2 196 5.854600e-02 0.984375
2 197 1.160313e-01 0.968750
2 198 8.740394e-02 0.972656
2 199 9.223600e-02 0.976562
2 200 7.396029e-02 0.960938
2 201 1.016027e-01 0.964844
2 202 5.854011e-02 0.980469
2 203 3.869442e-02 0.980469
2 204 6.468287e-02 0.972656
2 205 8.411527e-02 0.976562
2 206 1.404371e-01 0.964844
2 207 3.829690e-02 0.984375
2 208 1.042206e-01 0.984375
2 209 5.576473e-02 0.984375
2 210 8.772081e-02 0.976562
2 211 9.944448e-02 0.957031
2 212 2.394246e-02 0.996094
2 213 8.964138e-02 0.972656
2 214 3.642778e-02 0.988281
2 215 1.062478e-01 0.964844
2 216 3.998432e-02 0.984375
2 217 8.636814e-02 0.968750
2 218 3.392157e-02 0.992188
2 219 4.881123e-02 0.980469
2 220 8.369765e-02 0.976562
2 221 3.890841e-02 0.984375
2 222 6.625693e-02 0.980469
2 223 7.660796e-02 0.980469
2 224 3.174186e-02 0.988281
2 225 3.595261e-02 0.992188
2 226 1.573739e-01 0.957031
2 227 6.409495e-02 0.976562
2 228 5.340628e-02 0.984375
2 229 1.145539e-01 0.960938
2 230 5.869011e-02 0.980469
2 231 9.138215e-02 0.968750
2 232 5.509403e-02 0.976562
2 233 5.072232e-02 0.988281
3 0 3.734273e-02 0.984375
3 1 9.923735e-02 0.976562
3 2 6.127724e-02 0.972656
3 3 1.833608e-01 0.960938
3 4 1.417654e-01 0.972656
3 5 4.942673e-02 0.988281
3 6 3.632757e-02 0.988281
3 7 8.083494e-02 0.976562
3 8 3.803007e-02 0.988281
3 9 9.208485e-02 0.968750
3 10 4.702811e-02 0.984375
3 11 8.099449e-02 0.972656
3 12 8.187360e-02 0.980469
3 13 6.571721e-02 0.976562
3 14 4.450323e-02 0.992188
3 15 4.629515e-02 0.988281
3 16 8.179075e-02 0.976562
3 17 5.459692e-02 0.988281
3 18 3.567176e-02 0.988281
3 19 6.007392e-02 0.976562
3 20 1.054086e-02 1.000000
3 21 7.547101e-02 0.984375
3 22 1.032741e-01 0.968750
3 23 5.647910e-02 0.976562
3 24 5.706473e-02 0.972656
3 25 5.909325e-02 0.988281
3 26 8.861595e-02 0.964844
3 27 3.183179e-02 0.988281
3 28 6.542782e-02 0.980469
3 29 4.144345e-02 0.992188
3 30 5.848726e-02 0.976562
3 31 6.370827e-02 0.976562
3 32 8.582345e-02 0.976562
3 33 1.200871e-01 0.968750
3 34 8.825838e-02 0.972656
3 35 3.463412e-02 0.988281
3 36 4.095252e-02 0.984375
3 37 4.026600e-02 0.984375
3 38 2.696766e-02 0.988281
3 39 9.099454e-02 0.980469
3 40 9.039897e-02 0.972656
3 41 7.547048e-02 0.972656
3 42 4.151044e-02 0.992188
3 43 2.725369e-02 0.988281
3 44 4.086845e-02 0.988281
3 45 3.268045e-02 0.988281
3 46 3.415123e-02 0.992188
3 47 1.002032e-01 0.964844
3 48 5.280358e-02 0.992188
3 49 3.721103e-02 0.980469
3 50 1.338335e-01 0.953125
3 51 3.871563e-02 0.984375
3 52 3.763370e-02 0.984375
3 53 1.380057e-01 0.968750
3 54 7.569356e-02 0.984375
3 55 3.846050e-02 0.988281
3 56 5.972494e-02 0.980469
3 57 8.267894e-02 0.968750
3 58 9.308255e-02 0.964844
3 59 6.668185e-02 0.976562
3 60 4.489775e-02 0.988281
3 61 4.488753e-02 0.988281
3 62 3.495004e-02 0.980469
3 63 3.847561e-02 0.984375
3 64 1.843237e-01 0.941406
3 65 5.173300e-02 0.984375
3 66 6.920007e-02 0.972656
3 67 6.564718e-02 0.976562
3 68 7.230118e-02 0.988281
3 69 5.627620e-02 0.988281
3 70 7.640041e-02 0.976562
3 71 5.325581e-02 0.980469
3 72 7.449519e-02 0.980469
3 73 6.241864e-02 0.984375
3 74 5.612952e-02 0.980469
3 75 7.742279e-02 0.972656
3 76 1.005866e-01 0.968750
3 77 7.570085e-02 0.968750
3 78 6.013847e-02 0.976562
3 79 1.009764e-01 0.980469
3 80 1.136542e-01 0.968750
3 81 5.760339e-02 0.984375
3 82 1.346408e-01 0.972656
3 83 1.111559e-01 0.964844
3 84 4.820537e-02 0.988281
3 85 1.020427e-01 0.968750
3 86 1.253076e-01 0.949219
3 87 3.796515e-02 0.996094
3 88 7.117114e-02 0.980469
3 89 7.633682e-02 0.980469
3 90 9.082108e-02 0.980469
3 91 6.829520e-02 0.980469
3 92 1.028791e-01 0.972656
3 93 6.064119e-02 0.976562
3 94 6.533572e-02 0.976562
3 95 5.759650e-02 0.988281
3 96 5.758723e-02 0.972656
3 97 3.868035e-02 0.992188
3 98 6.920348e-02 0.968750
3 99 1.025113e-01 0.980469
3 100 4.146847e-02 0.988281
3 101 9.229422e-02 0.980469
3 102 3.788790e-02 0.984375
3 103 5.445443e-02 0.988281
3 104 7.033362e-02 0.984375
3 105 4.223083e-02 0.988281
3 106 5.075546e-02 0.984375
3 107 1.470218e-01 0.964844
3 108 6.481962e-02 0.984375
3 109 8.281906e-02 0.972656
3 110 4.376037e-02 0.996094
3 111 1.032918e-01 0.964844
3 112 5.245414e-02 0.972656
3 113 8.703075e-02 0.964844
3 114 8.222397e-02 0.980469
3 115 3.630637e-02 0.988281
3 116 1.364288e-01 0.949219
3 117 1.139863e-01 0.968750
3 118 5.358273e-02 0.972656
3 119 3.654552e-02 0.988281
3 120 1.210549e-01 0.960938
3 121 1.798634e-01 0.960938
3 122 1.105544e-01 0.972656
3 123 1.062626e-01 0.964844
3 124 5.557393e-02 0.984375
3 125 6.712461e-02 0.976562
3 126 3.688452e-02 0.988281
3 127 4.425663e-02 0.988281
3 128 4.630580e-02 0.984375
3 129 8.661177e-02 0.964844
3 130 9.458009e-02 0.968750
3 131 9.001008e-02 0.968750
3 132 4.011362e-02 0.980469
3 133 1.205618e-01 0.960938
3 134 6.509702e-02 0.976562
3 135 1.903470e-02 1.000000
3 136 5.122162e-02 0.984375
3 137 8.793791e-02 0.972656
3 138 3.469093e-02 0.988281
3 139 9.861685e-02 0.976562
3 140 1.273303e-01 0.972656
3 141 6.305015e-02 0.984375
3 142 6.244618e-02 0.972656
3 143 1.093053e-01 0.968750
3 144 1.363376e-01 0.964844
3 145 6.954644e-02 0.964844
3 146 4.856452e-02 0.992188
3 147 5.457973e-02 0.980469
3 148 9.436704e-02 0.976562
3 149 1.239302e-01 0.968750
3 150 7.122667e-02 0.968750
3 151 1.443214e-01 0.968750
3 152 1.022848e-01 0.980469
3 153 5.858625e-02 0.980469
3 154 1.975777e-01 0.960938
3 155 1.032586e-01 0.972656
3 156 6.420283e-02 0.976562
3 157 8.471438e-02 0.964844
3 158 7.355665e-02 0.980469
3 159 1.177819e-01 0.960938
3 160 1.085570e-01 0.964844
3 161 6.060504e-02 0.976562
3 162 7.227457e-02 0.968750
3 163 1.057153e-01 0.968750
3 164 6.973970e-02 0.976562
3 165 3.744873e-02 0.992188
3 166 6.460984e-02 0.980469
3 167 5.185728e-02 0.992188
3 168 9.300949e-02 0.972656
3 169 7.094728e-02 0.980469
3 170 1.014705e-01 0.953125
3 171 1.456686e-01 0.972656
3 172 1.265080e-01 0.960938
3 173 6.191267e-02 0.980469
3 174 8.556446e-02 0.980469
3 175 7.926888e-02 0.984375
3 176 1.016977e-01 0.968750
3 177 2.071725e-01 0.957031
3 178 8.562857e-02 0.984375
3 179 6.875186e-02 0.976562
3 180 5.555728e-02 0.984375
3 181 1.151646e-01 0.953125
3 182 9.447774e-02 0.976562
3 183 7.714768e-02 0.976562
3 184 8.650820e-02 0.976562
3 185 5.489668e-02 0.972656
3 186 7.321145e-02 0.984375
3 187 1.342074e-01 0.968750
3 188 8.163947e-02 0.980469
3 189 8.030641e-02 0.976562
3 190 5.034870e-02 0.984375
3 191 8.247472e-02 0.976562
3 192 4.432005e-02 0.988281
3 193 9.617385e-02 0.968750
3 194 8.348907e-02 0.972656
3 195 5.202798e-02 0.972656
3 196 5.358620e-02 0.980469
3 197 3.287563e-02 0.992188
3 198 9.249833e-02 0.976562
3 199 1.294645e-01 0.976562
3 200 7.486811e-02 0.964844
3 201 1.510568e-01 0.972656
3 202 8.969186e-02 0.988281
3 203 1.123731e-01 0.980469
3 204 4.515528e-02 0.984375
3 205 2.296059e-01 0.957031
3 206 8.552879e-02 0.976562
3 207 7.508877e-02 0.968750
3 208 1.098254e-01 0.964844
3 209 1.430104e-01 0.953125
3 210 1.052547e-01 0.957031
3 211 7.584906e-02 0.984375
3 212 4.312088e-02 0.992188
3 213 2.729565e-02 0.996094
3 214 4.305848e-02 0.980469
3 215 4.508891e-02 0.980469
3 216 9.277441e-02 0.964844
3 217 1.897829e-02 1.000000
3 218 3.324262e-02 0.988281
3 219 1.554250e-01 0.968750
3 220 5.477676e-02 0.980469
3 221 6.402034e-02 0.976562
3 222 6.559511e-02 0.980469
3 223 1.213757e-01 0.972656
3 224 7.906040e-02 0.968750
3 225 7.147989e-02 0.980469
3 226 4.104144e-02 0.984375
3 227 7.353212e-02 0.984375
3 228 1.382395e-01 0.964844
3 229 5.006777e-02 0.984375
3 230 5.757655e-02 0.976562
3 231 1.530915e-01 0.953125
3 232 7.762907e-02 0.968750
3 233 9.219523e-02 0.976562
4 0 6.126337e-02 0.984375
4 1 5.524303e-02 0.984375
4 2 9.773427e-02 0.976562
4 3 6.678557e-02 0.984375
4 4 4.571658e-02 0.984375
4 5 3.093629e-02 0.992188
4 6 5.041707e-02 0.984375
4 7 4.798321e-02 0.980469
4 8 8.623962e-02 0.976562
4 9 3.354296e-02 0.992188
4 10 8.429911e-02 0.968750
4 11 6.509657e-02 0.968750
4 12 2.806152e-02 0.992188
4 13 9.342151e-02 0.976562
4 14 7.188278e-02 0.976562
4 15 6.588804e-02 0.984375
4 16 4.958866e-02 0.988281
4 17 4.509479e-02 0.980469
4 18 4.896556e-02 0.980469
4 19 5.592873e-02 0.980469
4 20 4.424494e-02 0.980469
4 21 2.553681e-02 0.984375
4 22 4.129045e-02 0.988281
4 23 2.691270e-02 0.992188
4 24 4.741902e-02 0.984375
4 25 8.513047e-02 0.984375
4 26 6.113429e-02 0.984375
4 27 3.576983e-02 0.980469
4 28 1.321945e-01 0.960938
4 29 1.681427e-01 0.949219
4 30 7.296577e-02 0.984375
4 31 7.037979e-02 0.972656
4 32 8.337358e-02 0.976562
4 33 1.141307e-01 0.964844
4 34 1.666652e-02 1.000000
4 35 8.080290e-02 0.968750
4 36 3.405108e-02 0.984375
4 37 9.464543e-02 0.957031
4 38 3.143121e-02 0.988281
4 39 8.642913e-02 0.980469
4 40 6.216122e-02 0.980469
4 41 6.234822e-02 0.968750
4 42 1.771764e-02 1.000000
4 43 5.616208e-02 0.984375
4 44 8.867860e-02 0.972656
4 45 4.556398e-02 0.984375
4 46 7.917582e-02 0.976562
4 47 7.282464e-02 0.980469
4 48 1.197551e-01 0.968750
4 49 8.904207e-02 0.980469
4 50 1.575111e-01 0.957031
4 51 6.738583e-02 0.976562
4 52 7.144538e-02 0.980469
4 53 5.201583e-02 0.980469
4 54 3.973662e-02 0.992188
4 55 4.931364e-02 0.980469
4 56 5.892616e-02 0.980469
4 57 8.479846e-02 0.964844
4 58 9.460256e-02 0.964844
4 59 4.798646e-02 0.984375
4 60 4.228326e-02 0.988281
4 61 5.566175e-02 0.984375
4 62 8.827519e-02 0.968750
4 63 6.038396e-02 0.980469
4 64 4.886074e-02 0.980469
4 65 4.424792e-02 0.980469
4 66 5.537851e-02 0.972656
4 67 8.630583e-02 0.972656
4 68 8.367790e-02 0.964844
4 69 1.290146e-01 0.972656
4 70 1.110770e-01 0.964844
4 71 9.143067e-02 0.980469
4 72 3.250590e-02 0.992188
4 73 4.067139e-02 0.988281
4 74 3.862328e-02 0.988281
4 75 3.078308e-02 0.992188
4 76 3.716031e-02 0.984375
4 77 5.277171e-02 0.980469
4 78 5.100046e-02 0.980469
4 79 4.966681e-02 0.988281
4 80 2.437769e-02 0.988281
4 81 5.529568e-02 0.984375
4 82 5.457811e-02 0.992188
4 83 5.332575e-02 0.992188
4 84 2.422655e-02 0.992188
4 85 8.466081e-02 0.976562
4 86 3.408831e-02 0.980469
4 87 1.013136e-01 0.964844
4 88 5.316204e-02 0.968750
4 89 2.500034e-02 0.992188
4 90 4.349945e-02 0.988281
4 91 3.961930e-02 0.984375
4 92 4.455452e-02 0.984375
4 93 9.403298e-02 0.968750
4 94 5.073335e-02 0.980469
4 95 4.204303e-02 0.984375
4 96 7.773000e-02 0.976562
4 97 4.420463e-02 0.984375
4 98 2.872487e-02 0.992188
4 99 4.188663e-02 0.988281
4 100 4.460061e-02 0.988281
4 101 6.770612e-02 0.976562
4 102 2.971591e-02 0.984375
4 103 5.887301e-02 0.980469
4 104 3.992549e-02 0.984375
4 105 8.118631e-02 0.968750
4 106 9.028801e-02 0.980469
4 107 3.474630e-02 0.984375
4 108 7.962763e-02 0.976562
4 109 2.642967e-02 0.992188
4 110 1.011468e-01 0.964844
4 111 9.131870e-02 0.980469
4 112 5.821589e-02 0.988281
4 113 4.293798e-02 0.988281
4 114 5.777322e-02 0.984375
4 115 5.723535e-02 0.972656
4 116 1.102119e-01 0.960938
4 117 4.072672e-02 0.992188
4 118 6.562921e-02 0.980469
4 119 4.799838e-02 0.988281
4 120 7.990114e-02 0.972656
4 121 7.099116e-02 0.972656
4 122 5.369486e-02 0.992188
4 123 3.134748e-02 0.988281
4 124 9.285957e-02 0.980469
4 125 7.534887e-02 0.984375
4 126 2.617636e-02 0.992188
4 127 3.493994e-02 0.980469
4 128 7.291012e-02 0.980469
4 129 5.843773e-02 0.972656
4 130 8.980291e-02 0.968750
4 131 2.655184e-02 0.996094
4 132 1.066954e-01 0.976562
4 133 9.989901e-02 0.968750
4 134 2.389697e-02 0.992188
4 135 4.759717e-02 0.980469
4 136 5.514292e-02 0.980469
4 137 7.759380e-02 0.968750
4 138 2.869429e-02 0.992188
4 139 8.209598e-02 0.972656
4 140 8.893847e-02 0.964844
4 141 3.242619e-02 0.992188
4 142 9.114513e-02 0.964844
4 143 4.351397e-02 0.988281
4 144 4.002730e-02 0.984375
4 145 7.016400e-02 0.976562
4 146 5.001427e-02 0.984375
4 147 6.931844e-02 0.976562
4 148 1.139135e-01 0.980469
4 149 1.296725e-01 0.972656
4 150 1.172673e-01 0.957031
4 151 4.518130e-02 0.984375
4 152 1.326204e-01 0.980469
4 153 5.117603e-02 0.980469
4 154 1.209331e-01 0.968750
4 155 8.921818e-02 0.972656
4 156 1.209796e-01 0.953125
4 157 5.921198e-02 0.984375
4 158 7.580847e-02 0.968750
4 159 6.776148e-02 0.976562
4 160 9.677147e-02 0.964844
4 161 8.446304e-02 0.972656
4 162 6.571533e-02 0.980469
4 163 1.252984e-01 0.964844
4 164 2.066819e-02 0.996094
4 165 9.181127e-02 0.964844
4 166 2.001262e-02 0.996094
4 167 1.108898e-01 0.964844
4 168 1.298639e-01 0.964844
4 169 8.888853e-02 0.972656
4 170 1.125431e-01 0.960938
4 171 5.399118e-02 0.972656
4 172 7.287871e-02 0.984375
4 173 9.508325e-02 0.964844
4 174 1.028487e-01 0.980469
4 175 2.047569e-02 0.992188
4 176 9.438953e-02 0.968750
4 177 6.198071e-02 0.972656
4 178 5.186299e-02 0.980469
4 179 3.027956e-02 0.992188
4 180 3.804933e-02 0.992188
4 181 8.801770e-02 0.968750
4 182 4.969277e-02 0.984375
4 183 5.110621e-02 0.988281
4 184 4.402086e-02 0.992188
4 185 5.312392e-02 0.980469
4 186 1.030468e-01 0.976562
4 187 8.800974e-02 0.988281
4 188 6.845587e-02 0.980469
4 189 4.881058e-02 0.984375
4 190 8.449356e-02 0.972656
4 191 8.277479e-02 0.980469
4 192 9.059693e-02 0.976562
4 193 5.839256e-02 0.972656
4 194 6.580114e-02 0.972656
4 195 3.163658e-02 0.988281
4 196 1.244607e-01 0.957031
4 197 3.244698e-02 0.992188
4 198 7.061295e-02 0.988281
4 199 1.173835e-01 0.964844
4 200 8.184388e-02 0.972656
4 201 4.292877e-02 0.992188
4 202 3.836864e-02 0.988281
4 203 6.019837e-02 0.988281
4 204 6.118233e-02 0.980469
4 205 2.764411e-02 0.992188
4 206 4.748458e-02 0.984375
4 207 3.603316e-02 0.988281
4 208 7.319048e-02 0.976562
4 209 4.123299e-02 0.984375
4 210 1.711765e-02 1.000000
4 211 3.843644e-02 0.988281
4 212 9.905086e-02 0.972656
4 213 8.438388e-02 0.968750
4 214 7.279154e-03 1.000000
4 215 6.494763e-02 0.972656
4 216 5.402073e-02 0.980469
4 217 1.126389e-01 0.972656
4 218 1.174217e-01 0.988281
4 219 2.952811e-02 0.984375
4 220 1.092573e-01 0.968750
4 221 1.007063e-01 0.976562
4 222 2.540956e-02 0.988281
4 223 1.240507e-02 0.996094
4 224 3.701688e-02 0.984375
4 225 5.251031e-02 0.980469
4 226 1.168105e-01 0.976562
4 227 5.165891e-02 0.992188
4 228 4.574880e-02 0.984375
4 229 9.390241e-02 0.976562
4 230 5.994555e-02 0.980469
4 231 6.359863e-02 0.976562
4 232 1.405157e-01 0.964844
4 233 2.476394e-02 0.992188
5 0 6.468181e-02 0.972656
5 1 6.913526e-02 0.968750
5 2 4.747408e-02 0.984375
5 3 3.134491e-02 0.988281
5 4 7.448381e-02 0.964844
5 5 4.827070e-02 0.992188
5 6 2.455087e-02 0.992188
5 7 4.064654e-02 0.984375
5 8 2.738206e-02 0.988281
5 9 6.115774e-02 0.972656
5 10 1.522560e-02 0.996094
5 11 6.594490e-02 0.984375
5 12 5.197641e-02 0.976562
5 13 2.475757e-02 0.992188
5 14 5.029404e-02 0.980469
5 15 2.374403e-02 0.988281
5 16 1.753335e-02 0.996094
5 17 7.036671e-02 0.980469
5 18 1.150221e-01 0.972656
5 19 5.170166e-02 0.980469
5 20 9.449486e-02 0.976562
5 21 7.432912e-02 0.992188
5 22 6.077353e-02 0.976562
5 23 2.451709e-02 0.980469
5 24 6.216482e-02 0.972656
5 25 1.490036e-01 0.972656
5 26 8.035941e-02 0.976562
5 27 3.041408e-02 0.992188
5 28 7.377866e-02 0.980469
5 29 4.948643e-02 0.988281
5 30 3.524416e-02 0.984375
5 31 5.109843e-02 0.984375
5 32 2.530309e-02 0.996094
5 33 2.144051e-02 0.992188
5 34 5.780775e-02 0.984375
5 35 1.003753e-01 0.968750
5 36 5.376361e-02 0.976562
5 37 5.258870e-02 0.984375
5 38 8.088304e-02 0.972656
5 39 4.757012e-02 0.976562
5 40 9.275271e-02 0.980469
5 41 9.933971e-02 0.960938
5 42 8.102330e-02 0.964844
5 43 1.533441e-01 0.968750
5 44 5.112156e-02 0.984375
5 45 5.651087e-02 0.984375
5 46 1.158357e-01 0.964844
5 47 5.015802e-02 0.988281
5 48 6.949618e-02 0.980469
5 49 4.653969e-02 0.984375
5 50 2.768258e-02 0.992188
5 51 6.760737e-02 0.980469
5 52 4.467192e-02 0.988281
5 53 4.135131e-02 0.980469
5 54 5.876549e-02 0.976562
5 55 7.323480e-02 0.980469
5 56 3.362951e-02 0.984375
5 57 7.188655e-02 0.968750
5 58 3.102796e-02 0.992188
5 59 5.276295e-02 0.984375
5 60 7.861654e-02 0.976562
5 61 3.413315e-02 0.988281
5 62 6.563745e-02 0.980469
5 63 4.349158e-02 0.984375
5 64 7.757252e-02 0.976562
5 65 1.054375e-01 0.976562
5 66 7.469189e-02 0.984375
5 67 5.157322e-02 0.972656
5 68 4.001688e-02 0.988281
5 69 9.377483e-02 0.964844
5 70 5.659268e-02 0.976562
5 71 3.765348e-02 0.988281
5 72 5.421624e-02 0.972656
5 73 1.421904e-01 0.957031
5 74 4.688822e-02 0.984375
5 75 1.171527e-01 0.976562
5 76 2.601032e-02 0.988281
5 77 3.753052e-02 0.984375
5 78 1.223608e-01 0.968750
5 79 4.919664e-02 0.980469
5 80 7.403571e-02 0.976562
5 81 4.621012e-02 0.980469
5 82 4.132691e-02 0.992188
5 83 1.191285e-01 0.960938
5 84 7.442379e-02 0.972656
5 85 4.411626e-02 0.980469
5 86 5.309480e-02 0.976562
5 87 3.963964e-02 0.980469
5 88 8.412842e-02 0.984375
5 89 8.887038e-02 0.960938
5 90 3.237249e-02 0.980469
5 91 5.032996e-02 0.988281
5 92 9.611566e-02 0.957031
5 93 1.054648e-01 0.968750
5 94 1.353910e-01 0.976562
5 95 6.026031e-02 0.984375
5 96 3.989815e-02 0.984375
5 97 3.241513e-02 0.992188
5 98 5.773048e-02 0.984375
5 99 6.683992e-02 0.984375
5 100 4.243319e-02 0.988281
5 101 2.224522e-02 0.992188
5 102 4.873575e-02 0.976562
5 103 5.626426e-02 0.972656
5 104 7.253130e-02 0.972656
5 105 4.120127e-02 0.988281
5 106 5.281679e-02 0.980469
5 107 4.198459e-02 0.976562
5 108 7.950946e-02 0.984375
5 109 5.243813e-02 0.984375
5 110 8.660114e-02 0.976562
5 111 3.906566e-02 0.992188
5 112 3.958218e-02 0.988281
5 113 4.252464e-02 0.984375
5 114 1.405404e-01 0.976562
5 115 7.627009e-02 0.976562
5 116 3.822968e-02 0.992188
5 117 1.407977e-02 0.996094
5 118 7.406384e-02 0.988281
5 119 3.929088e-02 0.984375
5 120 2.171527e-02 0.996094
5 121 1.245693e-02 1.000000
5 122 5.749466e-02 0.980469
5 123 1.994929e-02 0.992188
5 124 6.183322e-02 0.988281
5 125 8.253380e-02 0.968750
5 126 5.076779e-02 0.988281
5 127 4.317063e-02 0.984375
5 128 7.517673e-02 0.976562
5 129 1.103233e-01 0.960938
5 130 3.798577e-02 0.988281
5 131 4.855237e-02 0.988281
5 132 3.208467e-02 0.992188
5 133 6.331304e-02 0.976562
5 134 4.559006e-02 0.984375
5 135 8.772683e-02 0.972656
5 136 6.681822e-02 0.972656
5 137 6.953648e-02 0.976562
5 138 4.071219e-02 0.984375
5 139 8.857393e-02 0.968750
5 140 6.080671e-02 0.988281
5 141 3.296586e-02 0.988281
5 142 7.875121e-02 0.972656
5 143 1.149539e-01 0.972656
5 144 4.882769e-02 0.984375
5 145 7.901464e-02 0.968750
5 146 6.878971e-02 0.980469
5 147 2.046429e-02 0.992188
5 148 8.140448e-02 0.976562
5 149 1.939308e-02 0.996094
5 150 1.097632e-01 0.968750
5 151 5.114065e-02 0.980469
5 152 3.598946e-02 0.988281
5 153 6.169117e-02 0.984375
5 154 9.319797e-02 0.980469
5 155 9.002027e-02 0.968750
5 156 5.510222e-02 0.988281
5 157 1.411361e-01 0.957031
5 158 3.987250e-02 0.972656
5 159 5.290138e-02 0.988281
5 160 7.826889e-02 0.968750
5 161 5.106986e-02 0.980469
5 162 5.845433e-02 0.984375
5 163 1.100059e-01 0.964844
5 164 7.870281e-02 0.972656
5 165 3.886284e-02 0.984375
5 166 4.834335e-02 0.984375
5 167 8.800715e-02 0.984375
5 168 5.430878e-02 0.980469
5 169 5.802048e-02 0.972656
5 170 9.238048e-02 0.972656
5 171 3.037197e-02 0.992188
5 172 2.069848e-02 0.996094
5 173 1.292575e-01 0.972656
5 174 2.838761e-02 0.988281
5 175 8.187160e-02 0.980469
5 176 6.320544e-02 0.980469
5 177 7.526952e-02 0.984375
5 178 1.116887e-01 0.968750
5 179 5.764218e-02 0.984375
5 180 9.722197e-02 0.972656
5 181 7.268056e-02 0.964844
5 182 5.552397e-02 0.984375
5 183 7.798404e-02 0.980469
5 184 4.408757e-02 0.984375
5 185 5.475148e-02 0.988281
5 186 1.236267e-01 0.964844
5 187 1.743062e-01 0.960938
5 188 9.702598e-02 0.980469
5 189 4.146298e-02 0.988281
5 190 3.797854e-02 0.988281
5 191 7.733332e-02 0.972656
5 192 7.343943e-02 0.964844
5 193 6.113431e-02 0.976562
5 194 4.286008e-02 0.980469
5 195 8.997133e-02 0.976562
5 196 1.341870e-01 0.972656
5 197 3.632660e-02 0.984375
5 198 4.785931e-02 0.976562
5 199 9.548208e-02 0.968750
5 200 3.241837e-02 0.988281
5 201 5.727730e-02 0.980469
5 202 3.289522e-02 0.988281
5 203 3.696566e-02 0.988281
5 204 5.919293e-02 0.984375
5 205 5.195861e-02 0.984375
5 206 6.321100e-02 0.980469
5 207 1.154506e-01 0.957031
5 208 6.188095e-02 0.980469
5 209 3.862343e-02 0.988281
5 210 6.350353e-02 0.980469
5 211 4.137433e-02 0.984375
5 212 6.419376e-02 0.980469
5 213 7.243355e-02 0.988281
5 214 7.884025e-02 0.972656
5 215 2.033471e-02 0.992188
5 216 2.879699e-02 0.992188
5 217 1.927920e-02 0.996094
5 218 4.667019e-02 0.988281
5 219 5.784301e-02 0.972656
5 220 3.899347e-02 0.988281
5 221 1.070273e-01 0.976562
5 222 4.791318e-02 0.988281
5 223 6.351067e-02 0.984375
5 224 6.331725e-02 0.984375
5 225 7.722359e-02 0.984375
5 226 6.807304e-02 0.988281
5 227 9.800435e-02 0.972656
5 228 1.066267e-01 0.980469
5 229 2.312305e-02 0.992188
5 230 9.531619e-02 0.980469
5 231 3.037200e-02 0.984375
5 232 9.002970e-02 0.968750
5 233 1.120706e-01 0.957031
