0 0 2.307287e+00 0.110352
0 1 1.057389e+02 0.113281
0 2 3.267356e+00 0.125977
0 3 2.850354e+00 0.145020
0 4 2.344624e+00 0.109375
0 5 2.319242e+00 0.127930
0 6 2.335993e+00 0.095703
0 7 2.316071e+00 0.098145
0 8 2.316468e+00 0.109375
0 9 2.310423e+00 0.111328
0 10 2.311380e+00 0.113281
0 11 2.304896e+00 0.106934
0 12 2.305192e+00 0.102539
0 13 2.304208e+00 0.096191
0 14 2.311406e+00 0.104004
0 15 2.307986e+00 0.098633
0 16 2.306302e+00 0.104980
0 17 2.303242e+00 0.107422
0 18 2.307016e+00 0.097656
0 19 2.303931e+00 0.107910
0 20 2.303407e+00 0.106934
0 21 2.306507e+00 0.098145
0 22 2.303484e+00 0.109863
0 23 2.304948e+00 0.115723
0 24 2.302036e+00 0.107422
0 25 2.299736e+00 0.109863
0 26 2.301341e+00 0.115723
0 27 2.304369e+00 0.112305
0 28 2.301422e+00 0.116699
1 0 2.302056e+00 0.112793
1 1 2.301130e+00 0.121094
1 2 2.301689e+00 0.112305
1 3 2.303682e+00 0.107422
1 4 2.304853e+00 0.098633
1 5 2.299912e+00 0.122559
1 6 2.301092e+00 0.118652
1 7 2.302344e+00 0.111328
1 8 2.300840e+00 0.123047
1 9 2.301266e+00 0.116699
1 10 2.303171e+00 0.105469
1 11 2.300059e+00 0.116699
1 12 2.299248e+00 0.128906
1 13 2.301406e+00 0.113281
1 14 2.297589e+00 0.131836
1 15 2.304462e+00 0.108398
1 16 2.301959e+00 0.111816
1 17 2.299674e+00 0.121582
1 18 2.298016e+00 0.121582
1 19 2.301318e+00 0.105957
1 20 2.301828e+00 0.104980
1 21 2.300313e+00 0.109863
1 22 2.302043e+00 0.113281
1 23 2.299833e+00 0.116699
1 24 2.300891e+00 0.113281
1 25 2.300951e+00 0.114746
1 26 2.299806e+00 0.119629
1 27 2.300575e+00 0.112793
1 28 2.303989e+00 0.095703
2 0 2.302832e+00 0.105957
2 1 2.301991e+00 0.121094
2 2 2.301910e+00 0.113770
2 3 2.301623e+00 0.117188
2 4 2.303967e+00 0.111816
2 5 2.302878e+00 0.109863
2 6 2.300781e+00 0.119629
2 7 2.302135e+00 0.110840
2 8 2.302212e+00 0.117188
2 9 2.299997e+00 0.123047
2 10 2.300664e+00 0.114258
2 11 2.300138e+00 0.124023
2 12 2.304053e+00 0.097168
2 13 2.299862e+00 0.118164
2 14 2.299585e+00 0.119141
2 15 2.303828e+00 0.101562
2 16 2.302071e+00 0.110840
2 17 2.302543e+00 0.106934
2 18 2.301135e+00 0.113281
2 19 2.303461e+00 0.109863
2 20 2.300776e+00 0.112793
2 21 2.301756e+00 0.103516
2 22 2.299967e+00 0.117188
2 23 2.299169e+00 0.119629
2 24 2.301610e+00 0.104980
2 25 2.303448e+00 0.106445
2 26 2.299897e+00 0.099121
2 27 2.303475e+00 0.108887
2 28 2.302712e+00 0.107910
3 0 2.303761e+00 0.104492
3 1 2.301648e+00 0.116211
3 2 2.301175e+00 0.110840
3 3 2.300724e+00 0.118652
3 4 2.300465e+00 0.117188
3 5 2.302938e+00 0.115234
3 6 2.302810e+00 0.109863
3 7 2.300542e+00 0.116699
3 8 2.302094e+00 0.107910
3 9 2.301859e+00 0.118164
3 10 2.303144e+00 0.107422
3 11 2.303295e+00 0.110840
3 12 2.300671e+00 0.120117
3 13 2.303101e+00 0.109863
3 14 2.301171e+00 0.114258
3 15 2.300082e+00 0.114746
3 16 2.305045e+00 0.102539
3 17 2.303164e+00 0.109375
3 18 2.300869e+00 0.111816
3 19 2.302672e+00 0.100098
3 20 2.300843e+00 0.117676
3 21 2.300384e+00 0.106934
3 22 2.301948e+00 0.104004
3 23 2.304115e+00 0.096191
3 24 2.302072e+00 0.100586
3 25 2.303525e+00 0.109375
3 26 2.302513e+00 0.109863
3 27 2.300057e+00 0.107910
3 28 2.301388e+00 0.114746
4 0 2.300673e+00 0.113770
4 1 2.300404e+00 0.120605
4 2 2.300388e+00 0.116699
4 3 2.301636e+00 0.114258
4 4 2.300600e+00 0.109863
4 5 2.301234e+00 0.104004
4 6 2.304371e+00 0.100098
4 7 2.304008e+00 0.104980
4 8 2.303063e+00 0.105957
4 9 2.301478e+00 0.123535
4 10 2.304867e+00 0.106445
4 11 2.297283e+00 0.125000
4 12 2.303503e+00 0.117676
4 13 2.299492e+00 0.125977
4 14 2.300715e+00 0.116211
4 15 2.303006e+00 0.100586
4 16 2.304215e+00 0.109863
4 17 2.300715e+00 0.117676
4 18 2.300681e+00 0.120117
4 19 2.299770e+00 0.118652
4 20 2.302670e+00 0.104980
4 21 2.300854e+00 0.115723
4 22 2.300282e+00 0.117188
4 23 2.300724e+00 0.116211
4 24 2.304542e+00 0.099121
4 25 2.302979e+00 0.108887
4 26 2.300990e+00 0.116211
4 27 2.302666e+00 0.102051
4 28 2.303046e+00 0.115234
5 0 2.301478e+00 0.107422
5 1 2.301904e+00 0.111328
5 2 2.302070e+00 0.111816
5 3 2.301943e+00 0.113281
5 4 2.301973e+00 0.112793
5 5 2.304310e+00 0.104492
5 6 2.301694e+00 0.108887
5 7 2.303448e+00 0.112305
5 8 2.300909e+00 0.115723
5 9 2.303802e+00 0.101562
5 10 2.300358e+00 0.117188
5 11 2.302101e+00 0.113281
5 12 2.301672e+00 0.117188
5 13 2.301225e+00 0.116211
5 14 2.302290e+00 0.109863
5 15 2.301825e+00 0.114258
5 16 2.303140e+00 0.108887
5 17 2.298659e+00 0.116211
5 18 2.303099e+00 0.107422
5 19 2.302562e+00 0.112793
5 20 2.303991e+00 0.108398
5 21 2.301153e+00 0.106445
5 22 2.300306e+00 0.111816
5 23 2.303619e+00 0.102539
5 24 2.300422e+00 0.125000
5 25 2.301461e+00 0.115234
5 26 2.301549e+00 0.113281
5 27 2.302077e+00 0.113770
5 28 2.301602e+00 0.117676
