0 0 2.317717e+00 0.097656
0 1 5.368351e+00 0.128906
0 2 2.333199e+00 0.156250
0 3 2.291776e+00 0.173828
0 4 2.306456e+00 0.125000
0 5 2.258981e+00 0.175781
0 6 2.111295e+00 0.382812
0 7 1.968321e+00 0.343750
0 8 1.746340e+00 0.421875
0 9 1.450274e+00 0.507812
0 10 1.193078e+00 0.605469
0 11 1.049318e+00 0.656250
0 12 9.436432e-01 0.689453
0 13 9.204722e-01 0.708984
0 14 7.826909e-01 0.757812
0 15 6.963006e-01 0.775391
0 16 7.482889e-01 0.775391
0 17 7.084996e-01 0.792969
0 18 6.616046e-01 0.796875
0 19 4.949891e-01 0.857422
0 20 5.919116e-01 0.845703
0 21 5.594676e-01 0.810547
0 22 5.260390e-01 0.847656
0 23 4.658980e-01 0.878906
0 24 4.801993e-01 0.843750
0 25 4.668921e-01 0.865234
0 26 5.195748e-01 0.843750
0 27 4.443125e-01 0.867188
0 28 4.434088e-01 0.863281
0 29 5.200448e-01 0.839844
0 30 4.523293e-01 0.867188
0 31 4.631030e-01 0.859375
0 32 4.110711e-01 0.867188
0 33 3.466916e-01 0.890625
0 34 4.282775e-01 0.869141
0 35 3.599310e-01 0.904297
0 36 4.108167e-01 0.876953
0 37 3.615752e-01 0.896484
0 38 3.991105e-01 0.873047
0 39 4.139062e-01 0.882812
0 40 2.443030e-01 0.933594
0 41 3.044295e-01 0.912109
0 42 4.633795e-01 0.880859
0 43 3.323047e-01 0.882812
0 44 3.510500e-01 0.908203
0 45 4.499002e-01 0.859375
0 46 3.355607e-01 0.902344
0 47 3.498408e-01 0.898438
0 48 3.607872e-01 0.900391
0 49 3.901426e-01 0.886719
0 50 2.736611e-01 0.931641
0 51 2.681351e-01 0.908203
0 52 3.515527e-01 0.892578
0 53 2.756507e-01 0.912109
0 54 3.629109e-01 0.898438
0 55 2.921360e-01 0.912109
0 56 3.854286e-01 0.890625
0 57 3.223065e-01 0.914062
0 58 2.781637e-01 0.912109
0 59 3.960628e-01 0.886719
0 60 3.021879e-01 0.902344
0 61 2.564869e-01 0.925781
0 62 3.037014e-01 0.892578
0 63 2.930360e-01 0.904297
0 64 4.112844e-01 0.890625
0 65 2.560880e-01 0.917969
0 66 2.370831e-01 0.919922
0 67 3.010337e-01 0.914062
0 68 3.048109e-01 0.906250
0 69 2.363966e-01 0.921875
0 70 3.081534e-01 0.896484
0 71 2.943939e-01 0.912109
0 72 2.550625e-01 0.910156
0 73 2.852740e-01 0.912109
0 74 1.668084e-01 0.953125
0 75 2.030247e-01 0.933594
0 76 2.944566e-01 0.917969
0 77 3.189871e-01 0.906250
0 78 2.347319e-01 0.923828
0 79 2.886552e-01 0.931641
0 80 2.574739e-01 0.917969
0 81 2.578925e-01 0.917969
0 82 2.611821e-01 0.910156
0 83 3.545208e-01 0.917969
0 84 2.125509e-01 0.927734
0 85 2.704255e-01 0.919922
0 86 2.207623e-01 0.937500
0 87 2.359807e-01 0.921875
0 88 2.240543e-01 0.921875
0 89 2.642851e-01 0.916016
0 90 2.662318e-01 0.912109
0 91 2.868586e-01 0.902344
0 92 2.538655e-01 0.917969
0 93 2.431224e-01 0.933594
0 94 2.327756e-01 0.919922
0 95 2.111585e-01 0.939453
0 96 2.146496e-01 0.919922
0 97 2.156612e-01 0.937500
0 98 2.206661e-01 0.925781
0 99 2.177336e-01 0.923828
0 100 2.152435e-01 0.935547
0 101 2.014224e-01 0.935547
0 102 1.530138e-01 0.951172
0 103 2.585351e-01 0.914062
0 104 2.067648e-01 0.945312
0 105 2.051247e-01 0.937500
0 106 2.183511e-01 0.937500
0 107 2.249761e-01 0.929688
0 108 2.315857e-01 0.929688
0 109 2.160814e-01 0.933594
0 110 2.096267e-01 0.939453
0 111 2.492640e-01 0.937500
0 112 2.560730e-01 0.914062
0 113 2.278593e-01 0.925781
0 114 2.274011e-01 0.943359
0 115 2.014573e-01 0.949219
0 116 2.051404e-01 0.939453
1 0 2.495091e-01 0.910156
1 1 1.979501e-01 0.937500
1 2 2.231001e-01 0.939453
1 3 1.845079e-01 0.943359
1 4 2.060689e-01 0.939453
1 5 2.219126e-01 0.935547
1 6 2.346411e-01 0.925781
1 7 2.176169e-01 0.949219
1 8 2.544427e-01 0.925781
1 9 1.796988e-01 0.947266
1 10 1.431569e-01 0.955078
1 11 1.930514e-01 0.933594
1 12 2.117446e-01 0.941406
1 13 1.804470e-01 0.951172
1 14 2.350556e-01 0.925781
1 15 2.441211e-01 0.931641
1 16 2.002306e-01 0.939453
1 17 2.093175e-01 0.947266
1 18 1.934033e-01 0.939453
1 19 1.884230e-01 0.943359
1 20 1.482630e-01 0.960938
1 21 1.889193e-01 0.939453
1 22 2.064860e-01 0.929688
1 23 1.508212e-01 0.949219
1 24 2.638712e-01 0.931641
1 25 1.856364e-01 0.931641
1 26 2.286834e-01 0.931641
1 27 1.884914e-01 0.943359
1 28 1.953921e-01 0.943359
1 29 2.209981e-01 0.943359
1 30 1.665913e-01 0.945312
1 31 1.804422e-01 0.957031
1 32 2.132725e-01 0.937500
1 33 1.830551e-01 0.937500
1 34 1.439463e-01 0.951172
1 35 2.142027e-01 0.929688
1 36 1.648898e-01 0.949219
1 37 2.027203e-01 0.937500
1 38 1.843299e-01 0.951172
1 39 1.517131e-01 0.949219
1 40 1.813132e-01 0.939453
1 41 2.050153e-01 0.931641
1 42 1.746540e-01 0.945312
1 43 2.132450e-01 0.937500
1 44 2.819446e-01 0.923828
1 45 1.918975e-01 0.933594
1 46 2.076546e-01 0.929688
1 47 2.515405e-01 0.921875
1 48 1.790584e-01 0.941406
1 49 1.558596e-01 0.943359
1 50 2.472629e-01 0.931641
1 51 1.805578e-01 0.933594
1 52 1.694797e-01 0.958984
1 53 2.073168e-01 0.933594
1 54 2.339762e-01 0.939453
1 55 2.106101e-01 0.927734
1 56 1.660873e-01 0.958984
1 57 1.896046e-01 0.945312
1 58 1.798208e-01 0.949219
1 59 2.007402e-01 0.941406
1 60 1.541446e-01 0.955078
1 61 1.808545e-01 0.943359
1 62 1.771707e-01 0.955078
1 63 2.203545e-01 0.945312
1 64 1.630381e-01 0.943359
1 65 2.123630e-01 0.945312
1 66 2.047996e-01 0.953125
1 67 1.758603e-01 0.943359
1 68 2.011276e-01 0.939453
1 69 2.145066e-01 0.939453
1 70 2.038675e-01 0.933594
1 71 1.888496e-01 0.945312
1 72 1.883302e-01 0.953125
1 73 2.319588e-01 0.947266
1 74 1.821817e-01 0.945312
1 75 1.607450e-01 0.960938
1 76 1.544317e-01 0.945312
1 77 1.656405e-01 0.943359
1 78 1.621245e-01 0.953125
1 79 1.739099e-01 0.943359
1 80 1.342936e-01 0.958984
1 81 1.341556e-01 0.957031
1 82 1.727425e-01 0.943359
1 83 1.658858e-01 0.949219
1 84 1.858792e-01 0.947266
1 85 1.726460e-01 0.947266
1 86 1.465298e-01 0.945312
1 87 1.888559e-01 0.949219
1 88 1.296848e-01 0.960938
1 89 1.261376e-01 0.955078
1 90 1.269590e-01 0.960938
1 91 1.690155e-01 0.939453
1 92 1.520391e-01 0.951172
1 93 1.060250e-01 0.968750
1 94 1.740238e-01 0.943359
1 95 1.684879e-01 0.951172
1 96 1.552460e-01 0.953125
1 97 1.914355e-01 0.939453
1 98 2.850068e-01 0.931641
1 99 2.025321e-01 0.941406
1 100 1.585262e-01 0.953125
1 101 1.921625e-01 0.941406
1 102 1.535354e-01 0.955078
1 103 2.032084e-01 0.919922
1 104 1.849027e-01 0.939453
1 105 1.190069e-01 0.972656
1 106 1.385104e-01 0.955078
1 107 1.813540e-01 0.951172
1 108 1.398281e-01 0.958984
1 109 1.687336e-01 0.939453
1 110 1.801786e-01 0.947266
1 111 1.784354e-01 0.947266
1 112 2.455842e-01 0.945312
1 113 1.510228e-01 0.957031
1 114 1.968861e-01 0.947266
1 115 1.316266e-01 0.953125
1 116 1.577364e-01 0.953125
2 0 2.269569e-01 0.929688
2 1 1.728404e-01 0.949219
2 2 1.904787e-01 0.937500
2 3 1.975920e-01 0.943359
2 4 1.638020e-01 0.941406
2 5 1.464154e-01 0.962891
2 6 1.894903e-01 0.949219
2 7 1.607796e-01 0.947266
2 8 1.356225e-01 0.958984
2 9 2.074374e-01 0.937500
2 10 1.834751e-01 0.939453
2 11 1.635137e-01 0.949219
2 12 1.013911e-01 0.958984
2 13 1.189635e-01 0.968750
2 14 1.863147e-01 0.943359
2 15 1.181315e-01 0.957031
2 16 1.590987e-01 0.937500
2 17 1.499134e-01 0.957031
2 18 1.370473e-01 0.958984
2 19 1.664221e-01 0.943359
2 20 1.340946e-01 0.962891
2 21 1.467753e-01 0.957031
2 22 1.429400e-01 0.957031
2 23 1.645461e-01 0.951172
2 24 1.867004e-01 0.943359
2 25 1.633939e-01 0.949219
2 26 9.673683e-02 0.972656
2 27 1.617363e-01 0.949219
2 28 1.819214e-01 0.943359
2 29 1.323715e-01 0.953125
2 30 1.436849e-01 0.960938
2 31 1.253498e-01 0.964844
2 32 1.272273e-01 0.957031
2 33 1.162075e-01 0.958984
2 34 1.998494e-01 0.935547
2 35 1.680878e-01 0.958984
2 36 1.391490e-01 0.957031
2 37 1.700076e-01 0.964844
2 38 1.056193e-01 0.955078
2 39 1.783225e-01 0.931641
2 40 1.357757e-01 0.964844
2 41 1.233221e-01 0.964844
2 42 1.164631e-01 0.957031
2 43 1.194012e-01 0.962891
2 44 1.577769e-01 0.939453
2 45 1.772864e-01 0.941406
2 46 1.208240e-01 0.968750
2 47 1.175277e-01 0.960938
2 48 1.335337e-01 0.953125
2 49 1.230250e-01 0.966797
2 50 1.802482e-01 0.945312
2 51 1.295106e-01 0.958984
2 52 1.299873e-01 0.955078
2 53 1.810882e-01 0.939453
2 54 1.576180e-01 0.947266
2 55 1.763976e-01 0.958984
2 56 1.745687e-01 0.953125
2 57 1.620919e-01 0.949219
2 58 1.416593e-01 0.951172
2 59 1.880161e-01 0.943359
2 60 1.206139e-01 0.962891
2 61 1.437789e-01 0.968750
2 62 1.513622e-01 0.951172
2 63 1.581797e-01 0.949219
2 64 1.550706e-01 0.958984
2 65 1.661912e-01 0.941406
2 66 1.280420e-01 0.957031
2 67 1.175378e-01 0.968750
2 68 1.426923e-01 0.964844
2 69 1.274450e-01 0.955078
2 70 1.942717e-01 0.947266
2 71 1.402421e-01 0.957031
2 72 2.019655e-01 0.929688
2 73 1.126035e-01 0.960938
2 74 1.487830e-01 0.957031
2 75 1.308354e-01 0.955078
2 76 1.502174e-01 0.947266
2 77 1.723533e-01 0.949219
2 78 1.299350e-01 0.960938
2 79 1.676837e-01 0.949219
2 80 8.923009e-02 0.972656
2 81 1.376538e-01 0.958984
2 82 2.025385e-01 0.958984
2 83 1.504274e-01 0.947266
2 84 1.459450e-01 0.951172
2 85 1.579052e-01 0.951172
2 86 1.071922e-01 0.968750
2 87 1.563494e-01 0.939453
2 88 1.816320e-01 0.949219
2 89 1.430905e-01 0.957031
2 90 2.133531e-01 0.933594
2 91 1.426668e-01 0.960938
2 92 1.611205e-01 0.957031
2 93 1.760384e-01 0.945312
2 94 1.195223e-01 0.951172
2 95 1.409478e-01 0.957031
2 96 1.296852e-01 0.968750
2 97 1.175188e-01 0.964844
2 98 1.332327e-01 0.953125
2 99 1.738590e-01 0.957031
2 100 1.915129e-01 0.957031
2 101 1.360173e-01 0.955078
2 102 1.915453e-01 0.937500
2 103 1.523981e-01 0.947266
2 104 1.737561e-01 0.953125
2 105 1.182711e-01 0.949219
2 106 1.431558e-01 0.962891
2 107 1.444638e-01 0.951172
2 108 1.484398e-01 0.957031
2 109 1.407258e-01 0.958984
2 110 1.487900e-01 0.953125
2 111 1.912939e-01 0.947266
2 112 1.219991e-01 0.960938
2 113 1.198446e-01 0.970703
2 114 8.966018e-02 0.968750
2 115 1.528433e-01 0.951172
2 116 1.120626e-01 0.972656
3 0 1.522991e-01 0.957031
3 1 1.426160e-01 0.957031
3 2 1.368692e-01 0.958984
3 3 1.357070e-01 0.951172
3 4 1.416244e-01 0.957031
3 5 1.527407e-01 0.955078
3 6 1.942463e-01 0.939453
3 7 1.177512e-01 0.962891
3 8 1.005539e-01 0.968750
3 9 1.762544e-01 0.943359
3 10 1.662349e-01 0.949219
3 11 1.305548e-01 0.962891
3 12 1.587628e-01 0.949219
3 13 1.012157e-01 0.966797
3 14 1.703157e-01 0.955078
3 15 1.214956e-01 0.966797
3 16 1.622775e-01 0.949219
3 17 8.781312e-02 0.974609
3 18 1.247807e-01 0.953125
3 19 1.198709e-01 0.966797
3 20 1.961006e-01 0.947266
3 21 1.274076e-01 0.964844
3 22 1.196361e-01 0.968750
3 23 1.438040e-01 0.953125
3 24 1.168810e-01 0.960938
3 25 1.101903e-01 0.966797
3 26 1.272059e-01 0.958984
3 27 1.619690e-01 0.957031
3 28 1.361177e-01 0.962891
3 29 1.469268e-01 0.949219
3 30 1.245073e-01 0.960938
3 31 1.302584e-01 0.958984
3 32 1.664634e-01 0.943359
3 33 1.132764e-01 0.955078
3 34 1.293568e-01 0.964844
3 35 9.891260e-02 0.970703
3 36 1.729333e-01 0.951172
3 37 1.572058e-01 0.953125
3 38 1.776438e-01 0.945312
3 39 1.526906e-01 0.957031
3 40 1.067007e-01 0.964844
3 41 1.531517e-01 0.945312
3 42 1.690342e-01 0.945312
3 43 1.364305e-01 0.947266
3 44 1.963072e-01 0.941406
3 45 1.624850e-01 0.951172
3 46 2.133746e-01 0.939453
3 47 1.578755e-01 0.958984
3 48 1.773258e-01 0.945312
3 49 1.389813e-01 0.957031
3 50 1.422961e-01 0.962891
3 51 1.789310e-01 0.953125
3 52 1.325265e-01 0.960938
3 53 1.799120e-01 0.941406
3 54 1.332530e-01 0.957031
3 55 1.218399e-01 0.947266
3 56 1.365705e-01 0.964844
3 57 1.134057e-01 0.970703
3 58 1.487219e-01 0.955078
3 59 2.580863e-01 0.947266
3 60 8.949950e-02 0.972656
3 61 9.070660e-02 0.970703
3 62 1.892190e-01 0.949219
3 63 1.436453e-01 0.947266
3 64 1.805414e-01 0.949219
3 65 1.624761e-01 0.945312
3 66 2.162591e-01 0.953125
3 67 1.339770e-01 0.962891
3 68 1.316816e-01 0.960938
3 69 1.343020e-01 0.960938
3 70 2.070104e-01 0.945312
3 71 2.172571e-01 0.931641
3 72 1.712528e-01 0.955078
3 73 8.272634e-02 0.980469
3 74 1.207094e-01 0.958984
3 75 2.125498e-01 0.929688
3 76 1.644982e-01 0.953125
3 77 1.198336e-01 0.958984
3 78 1.172252e-01 0.962891
3 79 8.054222e-02 0.978516
3 80 1.853500e-01 0.945312
3 81 1.565658e-01 0.957031
3 82 1.586298e-01 0.960938
3 83 8.729445e-02 0.974609
3 84 1.368870e-01 0.962891
3 85 1.179054e-01 0.968750
3 86 1.571594e-01 0.960938
3 87 1.558448e-01 0.955078
3 88 1.435384e-01 0.957031
3 89 1.330400e-01 0.955078
3 90 1.603578e-01 0.953125
3 91 9.897351e-02 0.970703
3 92 1.114045e-01 0.974609
3 93 1.136093e-01 0.964844
3 94 1.253884e-01 0.957031
3 95 1.200530e-01 0.966797
3 96 1.602415e-01 0.957031
3 97 1.091096e-01 0.972656
3 98 1.384344e-01 0.958984
3 99 1.045567e-01 0.968750
3 100 1.143585e-01 0.960938
3 101 9.422851e-02 0.972656
3 102 1.200453e-01 0.958984
3 103 1.350722e-01 0.958984
3 104 8.323070e-02 0.966797
3 105 8.068179e-02 0.970703
3 106 1.349935e-01 0.960938
3 107 1.589413e-01 0.957031
3 108 1.341359e-01 0.957031
3 109 1.290488e-01 0.953125
3 110 1.440379e-01 0.953125
3 111 1.274783e-01 0.955078
3 112 9.844030e-02 0.968750
3 113 1.574431e-01 0.939453
3 114 1.061170e-01 0.960938
3 115 1.078035e-01 0.955078
3 116 1.570420e-01 0.953125
4 0 1.373904e-01 0.957031
4 1 1.164027e-01 0.966797
4 2 1.328225e-01 0.957031
4 3 1.433125e-01 0.960938
4 4 9.199587e-02 0.972656
4 5 1.380111e-01 0.968750
4 6 1.141284e-01 0.964844
4 7 1.121961e-01 0.964844
4 8 1.317771e-01 0.962891
4 9 1.441858e-01 0.960938
4 10 1.334218e-01 0.949219
4 11 1.204183e-01 0.955078
4 12 1.279541e-01 0.960938
4 13 9.602658e-02 0.968750
4 14 1.137159e-01 0.958984
4 15 1.165181e-01 0.953125
4 16 1.236320e-01 0.962891
4 17 1.145355e-01 0.970703
4 18 1.261922e-01 0.966797
4 19 1.244880e-01 0.957031
4 20 1.084850e-01 0.976562
4 21 9.333812e-02 0.976562
4 22 1.322163e-01 0.957031
4 23 1.642790e-01 0.951172
4 24 1.041216e-01 0.958984
4 25 1.100690e-01 0.957031
4 26 1.617079e-01 0.939453
4 27 1.261222e-01 0.957031
4 28 1.718753e-01 0.949219
4 29 1.139549e-01 0.966797
4 30 1.724930e-01 0.947266
4 31 1.282071e-01 0.964844
4 32 1.099004e-01 0.974609
4 33 1.205505e-01 0.958984
4 34 1.634730e-01 0.949219
4 35 1.111004e-01 0.958984
4 36 1.188461e-01 0.957031
4 37 1.254185e-01 0.964844
4 38 1.387655e-01 0.960938
4 39 1.364586e-01 0.972656
4 40 2.311559e-01 0.941406
4 41 1.010709e-01 0.968750
4 42 1.557545e-01 0.951172
4 43 1.269585e-01 0.953125
4 44 1.240020e-01 0.957031
4 45 1.510687e-01 0.955078
4 46 9.034884e-02 0.960938
4 47 1.572881e-01 0.958984
4 48 1.196916e-01 0.953125
4 49 1.405989e-01 0.955078
4 50 1.345118e-01 0.968750
4 51 1.375479e-01 0.958984
4 52 9.035846e-02 0.968750
4 53 6.415461e-02 0.984375
4 54 1.057691e-01 0.964844
4 55 1.684413e-01 0.953125
4 56 1.586501e-01 0.953125
4 57 1.357459e-01 0.960938
4 58 1.103284e-01 0.964844
4 59 1.076623e-01 0.966797
4 60 1.143551e-01 0.968750
4 61 1.292625e-01 0.947266
4 62 1.226919e-01 0.964844
4 63 1.410433e-01 0.960938
4 64 1.487676e-01 0.955078
4 65 1.476801e-01 0.962891
4 66 1.095002e-01 0.960938
4 67 1.138631e-01 0.964844
4 68 1.450778e-01 0.951172
4 69 1.448993e-01 0.958984
4 70 1.360951e-01 0.964844
4 71 1.312848e-01 0.960938
4 72 1.501103e-01 0.953125
4 73 1.369598e-01 0.964844
4 74 9.904711e-02 0.962891
4 75 9.445866e-02 0.966797
4 76 1.075722e-01 0.966797
4 77 1.314057e-01 0.958984
4 78 9.572677e-02 0.972656
4 79 9.729925e-02 0.970703
4 80 1.030464e-01 0.962891
4 81 1.009727e-01 0.970703
4 82 1.483169e-01 0.958984
4 83 1.405778e-01 0.958984
4 84 1.757186e-01 0.949219
4 85 1.385060e-01 0.957031
4 86 1.683512e-01 0.937500
4 87 1.053197e-01 0.968750
4 88 1.372409e-01 0.966797
4 89 1.336952e-01 0.962891
4 90 9.059027e-02 0.972656
4 91 9.140993e-02 0.972656
4 92 1.407829e-01 0.953125
4 93 1.188298e-01 0.958984
4 94 1.653350e-01 0.947266
4 95 1.171708e-01 0.955078
4 96 1.259246e-01 0.958984
4 97 1.033224e-01 0.972656
4 98 1.354992e-01 0.955078
4 99 1.265015e-01 0.970703
4 100 8.246521e-02 0.966797
4 101 1.161820e-01 0.972656
4 102 1.242466e-01 0.960938
4 103 1.619729e-01 0.957031
4 104 7.680870e-02 0.980469
4 105 1.455175e-01 0.951172
4 106 1.606549e-01 0.960938
4 107 1.037854e-01 0.962891
4 108 9.633745e-02 0.966797
4 109 7.487796e-02 0.970703
4 110 1.433859e-01 0.955078
4 111 9.468365e-02 0.960938
4 112 1.404849e-01 0.962891
4 113 9.949076e-02 0.964844
4 114 1.140817e-01 0.968750
4 115 7.143843e-02 0.972656
4 116 1.476340e-01 0.962891
5 0 1.110900e-01 0.974609
5 1 1.690471e-01 0.957031
5 2 1.877886e-01 0.949219
5 3 8.361277e-02 0.972656
5 4 1.024082e-01 0.970703
5 5 1.033017e-01 0.966797
5 6 8.377337e-02 0.974609
5 7 9.456176e-02 0.960938
5 8 1.153270e-01 0.964844
5 9 1.306459e-01 0.958984
5 10 1.604993e-01 0.955078
5 11 1.045599e-01 0.974609
5 12 9.087868e-02 0.970703
5 13 1.874883e-01 0.951172
5 14 1.187977e-01 0.966797
5 15 1.117348e-01 0.968750
5 16 6.028346e-02 0.978516
5 17 9.520214e-02 0.966797
5 18 1.580743e-01 0.957031
5 19 1.609938e-01 0.953125
5 20 1.007745e-01 0.964844
5 21 9.021913e-02 0.974609
5 22 9.214152e-02 0.964844
5 23 6.073375e-02 0.982422
5 24 1.259582e-01 0.968750
5 25 9.680923e-02 0.972656
5 26 9.945031e-02 0.964844
5 27 7.942718e-02 0.978516
5 28 1.485846e-01 0.968750
5 29 1.425331e-01 0.960938
5 30 1.390223e-01 0.958984
5 31 1.021127e-01 0.964844
5 32 1.101899e-01 0.957031
5 33 1.033876e-01 0.968750
5 34 1.080157e-01 0.962891
5 35 1.808701e-01 0.943359
5 36 1.746064e-01 0.953125
5 37 1.435566e-01 0.958984
5 38 8.739486e-02 0.966797
5 39 7.060017e-02 0.980469
5 40 1.379207e-01 0.960938
5 41 1.434247e-01 0.953125
5 42 1.082414e-01 0.976562
5 43 1.092757e-01 0.974609
5 44 9.988877e-02 0.968750
5 45 1.154170e-01 0.978516
5 46 9.004706e-02 0.970703
5 47 1.160661e-01 0.972656
5 48 1.077017e-01 0.966797
5 49 1.145910e-01 0.957031
5 50 1.395060e-01 0.960938
5 51 1.434321e-01 0.962891
5 52 1.138570e-01 0.966797
5 53 1.108268e-01 0.960938
5 54 1.363859e-01 0.968750
5 55 1.716903e-01 0.955078
5 56 1.104042e-01 0.966797
5 57 1.364813e-01 0.957031
5 58 1.424384e-01 0.951172
5 59 7.442171e-02 0.978516
5 60 1.242264e-01 0.957031
5 61 1.448186e-01 0.962891
5 62 8.652925e-02 0.970703
5 63 1.862867e-01 0.939453
5 64 9.490012e-02 0.964844
5 65 1.324785e-01 0.957031
5 66 8.444871e-02 0.972656
5 67 1.649725e-01 0.947266
5 68 1.358375e-01 0.960938
5 69 2.011711e-01 0.943359
5 70 1.195264e-01 0.955078
5 71 1.180434e-01 0.972656
5 72 1.623469e-01 0.960938
5 73 1.216686e-01 0.964844
5 74 1.379534e-01 0.960938
5 75 1.686880e-01 0.951172
5 76 7.335035e-02 0.976562
5 77 9.841467e-02 0.968750
5 78 1.193318e-01 0.960938
5 79 1.703950e-01 0.964844
5 80 9.237083e-02 0.972656
5 81 5.842213e-02 0.978516
5 82 1.393492e-01 0.970703
5 83 8.233284e-02 0.976562
5 84 8.906223e-02 0.972656
5 85 9.163334e-02 0.964844
5 86 8.210575e-02 0.972656
5 87 7.654645e-02 0.978516
5 88 1.086599e-01 0.964844
5 89 7.047730e-02 0.972656
5 90 6.650448e-02 0.978516
5 91 7.358138e-02 0.976562
5 92 8.773132e-02 0.966797
5 93 7.978843e-02 0.972656
5 94 1.500021e-01 0.962891
5 95 1.021040e-01 0.962891
5 96 1.578415e-01 0.958984
5 97 8.681217e-02 0.974609
5 98 1.484563e-01 0.957031
5 99 9.076203e-02 0.970703
5 100 1.631242e-01 0.966797
5 101 9.317178e-02 0.974609
5 102 9.837122e-02 0.976562
5 103 8.947238e-02 0.980469
5 104 1.151776e-01 0.966797
5 105 6.405613e-02 0.982422
5 106 8.104284e-02 0.978516
5 107 8.818457e-02 0.970703
5 108 1.295449e-01 0.964844
5 109 5.670107e-02 0.974609
5 110 1.315890e-01 0.962891
5 111 1.219136e-01 0.972656
5 112 8.865367e-02 0.976562
5 113 1.224926e-01 0.962891
5 114 6.972677e-02 0.980469
5 115 1.740460e-01 0.943359
5 116 1.411376e-01 0.949219
